{
  "metadata": {
    "analysis_type": "GRT-LBA",
    "extraction_timestamp": "2025-06-15T07:13:51.562676",
    "subject_id": 39
  },
  "parameter_estimates": {
    "subject_id": 39,
    "parameters": {
      "db1": {
        "mean": 0.4941281609958775,
        "std": 0.0661977874294091,
        "median": 0.4945461358328858,
        "q025": 0.361341749875763,
        "q975": 0.6277865273340437,
        "shape": [
          2,
          500
        ]
      },
      "db2": {
        "mean": 0.45120723774874316,
        "std": 0.0758723751890929,
        "median": 0.4597897137194482,
        "q025": 0.2766812891300388,
        "q975": 0.5914917315062298,
        "shape": [
          2,
          500
        ]
      },
      "sp": {
        "mean": 1.0185695665335481,
        "std": 0.47579513240156723,
        "median": 0.9308666335401545,
        "q025": 0.3664207682858763,
        "q975": 2.1442584849597175,
        "shape": [
          2,
          500
        ]
      },
      "base_v": {
        "mean": 2.691336946816243,
        "std": 0.12214294044211325,
        "median": 2.686722838427385,
        "q025": 2.47209077461058,
        "q975": 2.953445505774897,
        "shape": [
          2,
          500
        ]
      },
      "choice_probs": {
        "mean": 0.25,
        "std": 0.01321193440613897,
        "median": 0.24982039020702287,
        "q025": 0.22447252709655116,
        "q975": 0.27676322367455075,
        "shape": [
          2,
          500,
          4
        ],
        "elements": [
          {
            "index": 0,
            "mean": 0.2569273953807601,
            "std": 0.011655784806853784,
            "median": 0.256868534116233,
            "q025": 0.2355160148440272,
            "q975": 0.27933849269064626
          },
          {
            "index": 1,
            "mean": 0.24449862206866918,
            "std": 0.011660381038571347,
            "median": 0.24427320178006712,
            "q025": 0.22221003744953483,
            "q975": 0.2679366019110955
          },
          {
            "index": 2,
            "mean": 0.2554784729184836,
            "std": 0.011891787269122035,
            "median": 0.25541337297389,
            "q025": 0.23259653947889275,
            "q975": 0.27917901591979605
          },
          {
            "index": 3,
            "mean": 0.24309550963208715,
            "std": 0.011359789366981931,
            "median": 0.2427796375124927,
            "q025": 0.22202646934373826,
            "q975": 0.26457554147208096
          }
        ]
      },
      "rt_alpha": {
        "mean": 3.691336946816243,
        "std": 0.12214294044211324,
        "median": 3.686722838427385,
        "q025": 3.47209077461058,
        "q975": 3.953445505774897,
        "shape": [
          2,
          500
        ]
      },
      "rt_beta": {
        "mean": 2.691336946816243,
        "std": 0.12214294044211325,
        "median": 2.686722838427385,
        "q025": 2.47209077461058,
        "q975": 2.953445505774897,
        "shape": [
          2,
          500
        ]
      }
    },
    "statistics": {},
    "diagnostics": {
      "db1": {
        "rhat": 1.0,
        "ess_bulk": 509.0,
        "ess_tail": 494.0,
        "mcse_mean": 0.003
      },
      "db2": {
        "rhat": 1.01,
        "ess_bulk": 509.0,
        "ess_tail": 384.0,
        "mcse_mean": 0.004
      },
      "sp": {
        "rhat": 1.0,
        "ess_bulk": 310.0,
        "ess_tail": 242.0,
        "mcse_mean": 0.026
      },
      "base_v": {
        "rhat": 1.0,
        "ess_bulk": 518.0,
        "ess_tail": 461.0,
        "mcse_mean": 0.005
      },
      "choice_probs[0]": {
        "rhat": 1.01,
        "ess_bulk": 599.0,
        "ess_tail": 740.0,
        "mcse_mean": 0.0
      },
      "choice_probs[1]": {
        "rhat": 1.0,
        "ess_bulk": 725.0,
        "ess_tail": 689.0,
        "mcse_mean": 0.0
      },
      "choice_probs[2]": {
        "rhat": 1.0,
        "ess_bulk": 721.0,
        "ess_tail": 677.0,
        "mcse_mean": 0.0
      },
      "choice_probs[3]": {
        "rhat": 1.01,
        "ess_bulk": 602.0,
        "ess_tail": 679.0,
        "mcse_mean": 0.0
      },
      "rt_alpha": {
        "rhat": 1.0,
        "ess_bulk": 518.0,
        "ess_tail": 461.0,
        "mcse_mean": 0.005
      },
      "rt_beta": {
        "rhat": 1.0,
        "ess_bulk": 518.0,
        "ess_tail": 461.0,
        "mcse_mean": 0.005
      }
    }
  },
  "covariance_analysis": {
    "covariance_matrix": [
      [
        0.004386533594143377,
        -0.00014605159265617995,
        -0.00043276695444410454,
        0.0002870851375763514,
        -0.0004738226421610285,
        -0.0004864167259882138,
        0.0005088862673349713,
        0.0004513531008142712,
        0.0002870851375763515,
        0.0002870851375763514
      ],
      [
        -0.00014605159265617995,
        0.005762379696531012,
        -0.007502950710675586,
        -0.000294825867158793,
        -0.0005529961722577914,
        0.000584724862172263,
        -0.0005816456641125017,
        0.0005499169741980302,
        -0.0002948258671587922,
        -0.000294825867158793
      ],
      [
        -0.00043276695444410454,
        -0.007502950710675586,
        0.22660761563265755,
        0.002515191876912438,
        -0.0002220981069089555,
        0.0002366478407835408,
        -0.00023221881968826157,
        0.00021766908581367619,
        0.0025151918769124376,
        0.002515191876912438
      ],
      [
        0.0002870851375763514,
        -0.000294825867158793,
        0.002515191876912438,
        0.014933831731577201,
        -1.93736963756706e-05,
        -3.80645717949663e-05,
        4.600918029173687e-05,
        1.1429087878899831e-05,
        0.0149338317315772,
        0.014933831731577201
      ],
      [
        -0.0004738226421610285,
        -0.0005529961722577914,
        -0.0002220981069089555,
        -1.93736963756706e-05,
        0.00013599331277645998,
        -8.904786212338393e-06,
        5.272882278020337e-06,
        -0.00013236140884214195,
        -1.9373696375670638e-05,
        -1.93736963756706e-05
      ],
      [
        -0.0004864167259882138,
        0.000584724862172263,
        0.0002366478407835408,
        -3.80645717949663e-05,
        -8.904786212338393e-06,
        0.00013610058655122542,
        -0.00013860613181153529,
        1.1410331472648245e-05,
        -3.8064571794966234e-05,
        -3.80645717949663e-05
      ],
      [
        0.0005088862673349713,
        -0.0005816456641125017,
        -0.00023221881968826157,
        4.600918029173687e-05,
        5.272882278020337e-06,
        -0.00013860613181153529,
        0.00014155616061466763,
        -8.222911081152637e-06,
        4.600918029173682e-05,
        4.600918029173687e-05
      ],
      [
        0.0004513531008142712,
        0.0005499169741980302,
        0.00021766908581367619,
        1.1429087878899831e-05,
        -0.00013236140884214195,
        1.1410331472648245e-05,
        -8.222911081152637e-06,
        0.0001291739884506464,
        1.1429087878899872e-05,
        1.1429087878899831e-05
      ],
      [
        0.0002870851375763515,
        -0.0002948258671587922,
        0.0025151918769124376,
        0.0149338317315772,
        -1.9373696375670638e-05,
        -3.8064571794966234e-05,
        4.600918029173682e-05,
        1.1429087878899872e-05,
        0.014933831731577201,
        0.0149338317315772
      ],
      [
        0.0002870851375763514,
        -0.000294825867158793,
        0.002515191876912438,
        0.014933831731577201,
        -1.93736963756706e-05,
        -3.80645717949663e-05,
        4.600918029173687e-05,
        1.1429087878899831e-05,
        0.0149338317315772,
        0.0149338317315772
      ]
    ],
    "correlation_matrix": [
      [
        0.9999999999999998,
        -0.029049899319514967,
        -0.013726382940049362,
        0.03547025845337568,
        -0.6134742009855565,
        -0.6295319436278366,
        0.6457963914633883,
        0.5996090317700669,
        0.035470258453375696,
        0.03547025845337569
      ],
      [
        -0.02904989931951497,
        1.0,
        -0.20763181822384058,
        -0.031781838908088146,
        -0.624686920329081,
        0.6602685721597719,
        -0.6440108315363415,
        0.6373950035131563,
        -0.03178183890808806,
        -0.031781838908088146
      ],
      [
        -0.013726382940049364,
        -0.20763181822384058,
        0.9999999999999999,
        0.04323627240455665,
        -0.040008183141491314,
        0.04261233152843544,
        -0.04100112519988001,
        0.04023203199937221,
        0.043236272404556644,
        0.04323627240455666
      ],
      [
        0.03547025845337568,
        -0.031781838908088146,
        0.04323627240455665,
        0.9999999999999999,
        -0.01359465171584179,
        -0.026699634940107953,
        0.031644226298358315,
        0.008228836069095935,
        0.9999999999999998,
        1.0
      ],
      [
        -0.6134742009855564,
        -0.624686920329081,
        -0.040008183141491314,
        -0.01359465171584179,
        1.0,
        -0.06545377846691952,
        0.03800361513748979,
        -0.9986540550797105,
        -0.013594651715841816,
        -0.013594651715841791
      ],
      [
        -0.6295319436278366,
        0.6602685721597719,
        0.04261233152843544,
        -0.026699634940107953,
        -0.06545377846691951,
        0.9999999999999999,
        -0.9985919428353982,
        0.08605591523851469,
        -0.026699634940107905,
        -0.026699634940107957
      ],
      [
        0.6457963914633883,
        -0.6440108315363415,
        -0.04100112519988001,
        0.03164422629835832,
        0.03800361513748979,
        -0.9985919428353983,
        1.0,
        -0.060809813564583086,
        0.03164422629835829,
        0.03164422629835832
      ],
      [
        0.5996090317700669,
        0.6373950035131563,
        0.04023203199937221,
        0.008228836069095937,
        -0.9986540550797105,
        0.08605591523851469,
        -0.060809813564583086,
        1.0,
        0.008228836069095965,
        0.008228836069095937
      ],
      [
        0.035470258453375696,
        -0.03178183890808806,
        0.043236272404556644,
        0.9999999999999998,
        -0.013594651715841816,
        -0.026699634940107908,
        0.03164422629835829,
        0.008228836069095965,
        0.9999999999999999,
        0.9999999999999999
      ],
      [
        0.03547025845337569,
        -0.031781838908088146,
        0.04323627240455666,
        1.0,
        -0.013594651715841791,
        -0.026699634940107953,
        0.03164422629835832,
        0.008228836069095937,
        0.9999999999999999,
        1.0
      ]
    ],
    "standard_deviations": [
      0.06619778742940907,
      0.0758723751890929,
      0.4757951324015673,
      0.12214294044211316,
      0.01165578480685379,
      0.011660381038571343,
      0.011891787269122035,
      0.011359789366981937,
      0.12214294044211318,
      0.12214294044211316
    ],
    "parameter_names": [
      "db1",
      "db2",
      "sp",
      "base_v",
      "choice_probs[0]",
      "choice_probs[1]",
      "choice_probs[2]",
      "choice_probs[3]",
      "rt_alpha",
      "rt_beta"
    ],
    "matrix_shape": [
      10,
      10
    ],
    "n_samples": 1000
  }
}