{
  "metadata": {
    "analysis_type": "GRT-LBA",
    "extraction_timestamp": "2025-06-15T07:13:51.926880",
    "subject_id": 43
  },
  "parameter_estimates": {
    "subject_id": 43,
    "parameters": {
      "db1": {
        "mean": 0.5591508264390136,
        "std": 0.06493021612067607,
        "median": 0.5520538759506795,
        "q025": 0.4515901382200228,
        "q975": 0.7102721853140822,
        "shape": [
          2,
          500
        ]
      },
      "db2": {
        "mean": 0.39474580275090654,
        "std": 0.06920808138139863,
        "median": 0.4017756107529666,
        "q025": 0.2452325410345403,
        "q975": 0.513502327359699,
        "shape": [
          2,
          500
        ]
      },
      "sp": {
        "mean": 0.9634065136555838,
        "std": 0.4205560073621495,
        "median": 0.9076581398272319,
        "q025": 0.3554018963924934,
        "q975": 1.930848052055381,
        "shape": [
          2,
          500
        ]
      },
      "base_v": {
        "mean": 2.3780273517844916,
        "std": 0.10638724358990567,
        "median": 2.378096011189317,
        "q025": 2.1751111028564742,
        "q975": 2.5981466613360977,
        "shape": [
          2,
          500
        ]
      },
      "choice_probs": {
        "mean": 0.25,
        "std": 0.019529872954047126,
        "median": 0.24955457801947845,
        "q025": 0.21422217908570876,
        "q975": 0.2883617437742669,
        "shape": [
          2,
          500,
          4
        ],
        "elements": [
          {
            "index": 0,
            "mean": 0.25573040947616044,
            "std": 0.010771610110942999,
            "median": 0.25599128672372795,
            "q025": 0.23386970834121507,
            "q975": 0.2766021301298384
          },
          {
            "index": 1,
            "mean": 0.22849320576159216,
            "std": 0.010816569455820711,
            "median": 0.22836094091723586,
            "q025": 0.2076342308012787,
            "q975": 0.2499925431888418
          },
          {
            "index": 2,
            "mean": 0.2724244472174705,
            "std": 0.011800938882937897,
            "median": 0.27213701133298585,
            "q025": 0.24969591464654686,
            "q975": 0.29564434903330095
          },
          {
            "index": 3,
            "mean": 0.24335193754477694,
            "std": 0.010532970811501315,
            "median": 0.24306912711932918,
            "q025": 0.22295235838758684,
            "q975": 0.2647848003229954
          }
        ]
      },
      "rt_alpha": {
        "mean": 3.3780273517844916,
        "std": 0.10638724358990567,
        "median": 3.378096011189317,
        "q025": 3.1751111028564742,
        "q975": 3.5981466613360977,
        "shape": [
          2,
          500
        ]
      },
      "rt_beta": {
        "mean": 2.3780273517844916,
        "std": 0.10638724358990567,
        "median": 2.378096011189317,
        "q025": 2.1751111028564742,
        "q975": 2.5981466613360977,
        "shape": [
          2,
          500
        ]
      }
    },
    "statistics": {},
    "diagnostics": {
      "db1": {
        "rhat": 1.0,
        "ess_bulk": 676.0,
        "ess_tail": 509.0,
        "mcse_mean": 0.003
      },
      "db2": {
        "rhat": 1.0,
        "ess_bulk": 445.0,
        "ess_tail": 371.0,
        "mcse_mean": 0.003
      },
      "sp": {
        "rhat": 1.01,
        "ess_bulk": 237.0,
        "ess_tail": 189.0,
        "mcse_mean": 0.025
      },
      "base_v": {
        "rhat": 1.0,
        "ess_bulk": 536.0,
        "ess_tail": 556.0,
        "mcse_mean": 0.005
      },
      "choice_probs[0]": {
        "rhat": 1.0,
        "ess_bulk": 764.0,
        "ess_tail": 668.0,
        "mcse_mean": 0.0
      },
      "choice_probs[1]": {
        "rhat": 1.0,
        "ess_bulk": 950.0,
        "ess_tail": 817.0,
        "mcse_mean": 0.0
      },
      "choice_probs[2]": {
        "rhat": 1.0,
        "ess_bulk": 955.0,
        "ess_tail": 817.0,
        "mcse_mean": 0.0
      },
      "choice_probs[3]": {
        "rhat": 1.0,
        "ess_bulk": 788.0,
        "ess_tail": 629.0,
        "mcse_mean": 0.0
      },
      "rt_alpha": {
        "rhat": 1.0,
        "ess_bulk": 536.0,
        "ess_tail": 556.0,
        "mcse_mean": 0.005
      },
      "rt_beta": {
        "rhat": 1.0,
        "ess_bulk": 536.0,
        "ess_tail": 556.0,
        "mcse_mean": 0.005
      }
    }
  },
  "covariance_analysis": {
    "covariance_matrix": [
      [
        0.004220153118596298,
        -0.000915919181842353,
        0.008227888750478508,
        6.117368400510464e-05,
        -0.00044991010079436996,
        -0.0004144225327377338,
        0.00046241614757741426,
        0.0004019164859546895,
        6.117368400510464e-05,
        6.117368400510464e-05
      ],
      [
        -0.000915919181842353,
        0.004794553081575872,
        -0.013835060860703586,
        0.0004414064311086217,
        -0.0003757843259408167,
        0.0003943067373787599,
        -0.0004204443587809319,
        0.00040192194734298874,
        0.0004414064311086217,
        0.0004414064311086217
      ],
      [
        0.008227888750478508,
        -0.013835060860703586,
        0.17704439972812044,
        -0.0036173990528170505,
        -0.00019251201121091435,
        0.0006232616196012748,
        -0.0006695420458546806,
        0.00023879243746432015,
        -0.0036173990528170505,
        -0.0036173990528170505
      ],
      [
        6.117368400510464e-05,
        0.0004414064311086217,
        -0.0036173990528170505,
        0.01132957517383176,
        -4.3219376974823584e-05,
        -6.707125865970913e-06,
        8.48348498218768e-06,
        4.144301785860696e-05,
        0.01132957517383176,
        0.01132957517383176
      ],
      [
        -0.00044991010079436996,
        -0.0003757843259408167,
        -0.00019251201121091435,
        -4.3219376974823584e-05,
        0.00011614372811027973,
        2.604194645203903e-06,
        -5.7754873459766385e-06,
        -0.00011297243540950698,
        -4.3219376974823584e-05,
        -4.3219376974823584e-05
      ],
      [
        -0.0004144225327377338,
        0.0003943067373787599,
        0.0006232616196012748,
        -6.707125865970913e-06,
        2.604194645203903e-06,
        0.00011711529008267622,
        -0.00012763173211287085,
        7.912247384990775e-06,
        -6.707125865970913e-06,
        -6.707125865970913e-06
      ],
      [
        0.00046241614757741426,
        -0.0004204443587809319,
        -0.0006695420458546806,
        8.48348498218768e-06,
        -5.7754873459766385e-06,
        -0.00012763173211287085,
        0.00013940156007891444,
        -5.994340620066989e-06,
        8.48348498218768e-06,
        8.48348498218768e-06
      ],
      [
        0.0004019164859546895,
        0.00040192194734298874,
        0.00023879243746432015,
        4.144301785860696e-05,
        -0.00011297243540950698,
        7.912247384990775e-06,
        -5.994340620066989e-06,
        0.00011105452864458324,
        4.144301785860696e-05,
        4.144301785860696e-05
      ],
      [
        6.117368400510464e-05,
        0.0004414064311086217,
        -0.0036173990528170505,
        0.01132957517383176,
        -4.3219376974823584e-05,
        -6.707125865970913e-06,
        8.48348498218768e-06,
        4.144301785860696e-05,
        0.011329575173831758,
        0.011329575173831758
      ],
      [
        6.117368400510464e-05,
        0.0004414064311086217,
        -0.0036173990528170505,
        0.01132957517383176,
        -4.3219376974823584e-05,
        -6.707125865970913e-06,
        8.48348498218768e-06,
        4.144301785860696e-05,
        0.011329575173831758,
        0.011329575173831758
      ]
    ],
    "correlation_matrix": [
      [
        0.9999999999999998,
        -0.20361932082974613,
        0.30101158446631365,
        0.008846952965862633,
        -0.6426340870492809,
        -0.5894845907692612,
        0.6028858208287919,
        0.5870885085094615,
        0.008846952965862633,
        0.008846952965862633
      ],
      [
        -0.20361932082974613,
        1.0,
        -0.4748603535489913,
        0.059890477832190585,
        -0.503577960772756,
        0.5262030159955586,
        -0.5142811983214324,
        0.5508070873252455,
        0.05989047783219059,
        0.05989047783219059
      ],
      [
        0.30101158446631365,
        -0.4748603535489913,
        1.0,
        -0.08076970766042017,
        -0.0424540232243443,
        0.13687448175412584,
        -0.13477301408390074,
        0.053853177761078376,
        -0.08076970766042019,
        -0.08076970766042019
      ],
      [
        0.008846952965862633,
        0.059890477832190585,
        -0.08076970766042019,
        1.0,
        -0.03767678250820672,
        -0.005822678946916067,
        0.006750464623355654,
        0.03694676546382081,
        1.0,
        1.0
      ],
      [
        -0.6426340870492809,
        -0.503577960772756,
        -0.042454023224344294,
        -0.037676782508206726,
        0.9999999999999999,
        0.022328973646740986,
        -0.045389660922828694,
        -0.9947328800495535,
        -0.037676782508206726,
        -0.037676782508206726
      ],
      [
        -0.5894845907692612,
        0.5262030159955585,
        0.13687448175412584,
        -0.005822678946916067,
        0.022328973646740986,
        0.9999999999999999,
        -0.9988908774985437,
        0.06937850251760438,
        -0.005822678946916068,
        -0.005822678946916068
      ],
      [
        0.6028858208287919,
        -0.5142811983214324,
        -0.13477301408390074,
        0.006750464623355654,
        -0.045389660922828694,
        -0.9988908774985437,
        1.0,
        -0.048176967945880084,
        0.006750464623355655,
        0.006750464623355655
      ],
      [
        0.5870885085094615,
        0.5508070873252454,
        0.053853177761078376,
        0.03694676546382081,
        -0.9947328800495536,
        0.06937850251760438,
        -0.048176967945880084,
        1.0,
        0.036946765463820815,
        0.036946765463820815
      ],
      [
        0.008846952965862633,
        0.0598904778321906,
        -0.0807697076604202,
        1.0,
        -0.037676782508206726,
        -0.005822678946916067,
        0.006750464623355654,
        0.03694676546382081,
        1.0,
        1.0
      ],
      [
        0.008846952965862633,
        0.0598904778321906,
        -0.0807697076604202,
        1.0,
        -0.037676782508206726,
        -0.005822678946916067,
        0.006750464623355654,
        0.03694676546382081,
        1.0,
        1.0
      ]
    ],
    "standard_deviations": [
      0.06493021612067612,
      0.06920808138139863,
      0.42055600736214915,
      0.10638724358990569,
      0.010771610110943006,
      0.010816569455820711,
      0.011800938882937888,
      0.010532970811501313,
      0.10638724358990569,
      0.10638724358990569
    ],
    "parameter_names": [
      "db1",
      "db2",
      "sp",
      "base_v",
      "choice_probs[0]",
      "choice_probs[1]",
      "choice_probs[2]",
      "choice_probs[3]",
      "rt_alpha",
      "rt_beta"
    ],
    "matrix_shape": [
      10,
      10
    ],
    "n_samples": 1000
  }
}