{
  "metadata": {
    "analysis_type": "GRT-LBA",
    "extraction_timestamp": "2025-06-15T07:13:51.145983",
    "subject_id": 34
  },
  "parameter_estimates": {
    "subject_id": 34,
    "parameters": {
      "db1": {
        "mean": 0.4002547810946252,
        "std": 0.06701570061470385,
        "median": 0.4112053962599067,
        "q025": 0.2458718092325925,
        "q975": 0.49308191502221216,
        "shape": [
          2,
          500
        ]
      },
      "db2": {
        "mean": 0.3239890393415902,
        "std": 0.07274241719647608,
        "median": 0.32099752488279154,
        "q025": 0.2071293275325507,
        "q975": 0.4588313224929426,
        "shape": [
          2,
          500
        ]
      },
      "sp": {
        "mean": 0.7318849329006655,
        "std": 0.32648283639996756,
        "median": 0.7319343938136812,
        "q025": 0.18318291972254103,
        "q975": 1.3908317302592754,
        "shape": [
          2,
          500
        ]
      },
      "base_v": {
        "mean": 3.907881894579308,
        "std": 0.17187608914407926,
        "median": 3.907090850517995,
        "q025": 3.560017222087763,
        "q975": 4.2176069111670405,
        "shape": [
          2,
          500
        ]
      },
      "choice_probs": {
        "mean": 0.25,
        "std": 0.037244407543153675,
        "median": 0.24744784690766902,
        "q025": 0.19115928608280475,
        "q975": 0.3162633068269108,
        "shape": [
          2,
          500,
          4
        ],
        "elements": [
          {
            "index": 0,
            "mean": 0.3003708568842027,
            "std": 0.012382277224074388,
            "median": 0.3000637036274335,
            "q025": 0.27470044251689457,
            "q975": 0.3239581128701563
          },
          {
            "index": 1,
            "mean": 0.23400455762652608,
            "std": 0.01053899507165276,
            "median": 0.23449762180578096,
            "q025": 0.21390711887104466,
            "q975": 0.25408854078854154
          },
          {
            "index": 2,
            "mean": 0.2617082293765477,
            "std": 0.011255134785538273,
            "median": 0.2610350406992305,
            "q025": 0.2419571255016574,
            "q975": 0.28309082700262955
          },
          {
            "index": 3,
            "mean": 0.20391635611272355,
            "std": 0.010180964517774527,
            "median": 0.2041838328570723,
            "q025": 0.18527880509662675,
            "q975": 0.2259108207705039
          }
        ]
      },
      "rt_alpha": {
        "mean": 4.907881894579307,
        "std": 0.17187608914407929,
        "median": 4.907090850517995,
        "q025": 4.5600172220877635,
        "q975": 5.2176069111670405,
        "shape": [
          2,
          500
        ]
      },
      "rt_beta": {
        "mean": 3.907881894579308,
        "std": 0.17187608914407926,
        "median": 3.907090850517995,
        "q025": 3.560017222087763,
        "q975": 4.2176069111670405,
        "shape": [
          2,
          500
        ]
      }
    },
    "statistics": {},
    "diagnostics": {
      "db1": {
        "rhat": 1.01,
        "ess_bulk": 88.0,
        "ess_tail": 291.0,
        "mcse_mean": 0.006
      },
      "db2": {
        "rhat": 1.06,
        "ess_bulk": 29.0,
        "ess_tail": 25.0,
        "mcse_mean": 0.014
      },
      "sp": {
        "rhat": 1.05,
        "ess_bulk": 24.0,
        "ess_tail": 9.0,
        "mcse_mean": 0.058
      },
      "base_v": {
        "rhat": 1.02,
        "ess_bulk": 67.0,
        "ess_tail": 266.0,
        "mcse_mean": 0.021
      },
      "choice_probs[0]": {
        "rhat": 1.0,
        "ess_bulk": 716.0,
        "ess_tail": 740.0,
        "mcse_mean": 0.0
      },
      "choice_probs[1]": {
        "rhat": 1.0,
        "ess_bulk": 491.0,
        "ess_tail": 705.0,
        "mcse_mean": 0.0
      },
      "choice_probs[2]": {
        "rhat": 1.01,
        "ess_bulk": 505.0,
        "ess_tail": 640.0,
        "mcse_mean": 0.001
      },
      "choice_probs[3]": {
        "rhat": 1.0,
        "ess_bulk": 728.0,
        "ess_tail": 691.0,
        "mcse_mean": 0.0
      },
      "rt_alpha": {
        "rhat": 1.02,
        "ess_bulk": 67.0,
        "ess_tail": 266.0,
        "mcse_mean": 0.021
      },
      "rt_beta": {
        "rhat": 1.02,
        "ess_bulk": 67.0,
        "ess_tail": 266.0,
        "mcse_mean": 0.021
      }
    }
  },
  "covariance_analysis": {
    "covariance_matrix": [
      [
        0.004495599728608225,
        0.002395914015824302,
        -0.013067935402587941,
        0.002150491674884308,
        -0.00033846616366125425,
        -0.0004362787509396596,
        0.0005189206434008069,
        0.0002558242712001064,
        0.0021504916748843104,
        0.002150491674884308
      ],
      [
        0.002395914015824302,
        0.00529675601560178,
        -0.018136262636708558,
        0.0020641486258276033,
        -0.00015640110645856388,
        0.0001759054379391117,
        -0.00015539180715801128,
        0.0001358874756774631,
        0.00206414862582761,
        0.0020641486258276033
      ],
      [
        -0.013067935402587941,
        -0.018136262636708558,
        0.10669774020397194,
        -0.011713118399989094,
        -0.0010576963989104616,
        0.0007694847312505854,
        -0.0006294951770675916,
        0.0009177068447274695,
        -0.011713118399989085,
        -0.011713118399989094
      ],
      [
        0.002150491674884308,
        0.0020641486258276033,
        -0.011713118399989094,
        0.02957096098044392,
        7.754926170060416e-06,
        -0.00016874336487054123,
        0.00017622010570098065,
        -1.5231667000500381e-05,
        0.029570960980443945,
        0.02957096098044392
      ],
      [
        -0.00033846616366125425,
        -0.00015640110645856388,
        -0.0010576963989104616,
        7.754926170060416e-06,
        0.00015347426351734877,
        -3.607440687140795e-06,
        -2.396927505260927e-05,
        -0.0001258975477775986,
        7.754926170060431e-06,
        7.754926170060416e-06
      ],
      [
        -0.0004362787509396596,
        0.0001759054379391117,
        0.0007694847312505854,
        -0.00016874336487054123,
        -3.607440687140795e-06,
        0.00011118159871904023,
        -0.00011627575017746832,
        8.701592145568925e-06,
        -0.00016874336487054118,
        -0.00016874336487054123
      ],
      [
        0.0005189206434008069,
        -0.00015539180715801128,
        -0.0006294951770675916,
        0.00017622010570098065,
        -2.396927505260927e-05,
        -0.00011627575017746832,
        0.0001268048639045382,
        1.3440161325539304e-05,
        0.00017622010570098043,
        0.00017622010570098065
      ],
      [
        0.0002558242712001064,
        0.0001358874756774631,
        0.0009177068447274695,
        -1.5231667000500381e-05,
        -0.0001258975477775986,
        8.701592145568925e-06,
        1.3440161325539304e-05,
        0.00010375579430649037,
        -1.5231667000500395e-05,
        -1.5231667000500381e-05
      ],
      [
        0.0021504916748843104,
        0.00206414862582761,
        -0.011713118399989085,
        0.029570960980443945,
        7.754926170060431e-06,
        -0.00016874336487054118,
        0.00017622010570098043,
        -1.5231667000500395e-05,
        0.029570960980443928,
        0.029570960980443928
      ],
      [
        0.002150491674884308,
        0.0020641486258276033,
        -0.011713118399989094,
        0.02957096098044392,
        7.754926170060416e-06,
        -0.00016874336487054123,
        0.00017622010570098065,
        -1.5231667000500381e-05,
        0.029570960980443928,
        0.029570960980443928
      ]
    ],
    "correlation_matrix": [
      [
        1.0,
        0.4909897498832827,
        -0.5966718515215012,
        0.18651391077499727,
        -0.40747752702876555,
        -0.6170974980385268,
        0.687288652588601,
        0.37457755251912384,
        0.18651391077499743,
        0.18651391077499724
      ],
      [
        0.49098974988328264,
        0.9999999999999998,
        -0.7628957602888935,
        0.16493136809225814,
        -0.17346707596828548,
        0.22922280563035735,
        -0.18960735374757406,
        0.18330244885346483,
        0.16493136809225864,
        0.1649313680922581
      ],
      [
        -0.5966718515215012,
        -0.7628957602888935,
        1.0,
        -0.20852695594133197,
        -0.26137595704664063,
        0.22341171304899982,
        -0.17113815286211362,
        0.2758164601786986,
        -0.20852695594133178,
        -0.20852695594133194
      ],
      [
        0.1865139107749973,
        0.16493136809225814,
        -0.20852695594133197,
        1.0,
        0.003640216127467423,
        -0.09306310289219241,
        0.09100280568734838,
        -0.008695779877340049,
        1.0,
        0.9999999999999999
      ],
      [
        -0.4074775270287656,
        -0.17346707596828545,
        -0.2613759570466406,
        0.003640216127467423,
        0.9999999999999999,
        -0.027616266365554847,
        -0.17181819958548233,
        -0.9976847003320616,
        0.003640216127467429,
        0.003640216127467422
      ],
      [
        -0.6170974980385269,
        0.22922280563035738,
        0.22341171304899982,
        -0.0930631028921924,
        -0.027616266365554844,
        1.0,
        -0.9792751560027346,
        0.08101698673825869,
        -0.09306310289219234,
        -0.09306310289219238
      ],
      [
        0.6872886525886011,
        -0.1896073537475741,
        -0.17113815286211362,
        0.09100280568734838,
        -0.17181819958548233,
        -0.9792751560027346,
        1.0,
        0.11717375448000106,
        0.09100280568734824,
        0.09100280568734836
      ],
      [
        0.3745775525191239,
        0.18330244885346483,
        0.27581646017869865,
        -0.008695779877340049,
        -0.9976847003320616,
        0.08101698673825869,
        0.11717375448000106,
        1.0,
        -0.008695779877340055,
        -0.008695779877340047
      ],
      [
        0.18651391077499743,
        0.16493136809225864,
        -0.2085269559413318,
        1.0,
        0.0036402161274674293,
        -0.09306310289219237,
        0.09100280568734825,
        -0.008695779877340055,
        0.9999999999999999,
        0.9999999999999999
      ],
      [
        0.18651391077499727,
        0.16493136809225814,
        -0.20852695594133192,
        0.9999999999999999,
        0.003640216127467422,
        -0.09306310289219238,
        0.09100280568734836,
        -0.008695779877340047,
        0.9999999999999999,
        0.9999999999999999
      ]
    ],
    "standard_deviations": [
      0.06701570061470388,
      0.07274241719647608,
      0.3264828363999677,
      0.17187608914407948,
      0.012382277224074402,
      0.010538995071652764,
      0.011255134785538277,
      0.010180964517774525,
      0.17187608914407912,
      0.17187608914407948
    ],
    "parameter_names": [
      "db1",
      "db2",
      "sp",
      "base_v",
      "choice_probs[0]",
      "choice_probs[1]",
      "choice_probs[2]",
      "choice_probs[3]",
      "rt_alpha",
      "rt_beta"
    ],
    "matrix_shape": [
      10,
      10
    ],
    "n_samples": 1000
  }
}