{
  "metadata": {
    "analysis_type": "GRT-LBA",
    "extraction_timestamp": "2025-06-15T07:13:51.841927",
    "subject_id": 42
  },
  "parameter_estimates": {
    "subject_id": 42,
    "parameters": {
      "db1": {
        "mean": 0.38867212233093673,
        "std": 0.06979932996827641,
        "median": 0.40063588184438137,
        "q025": 0.23487836621099448,
        "q975": 0.49877448317372336,
        "shape": [
          2,
          500
        ]
      },
      "db2": {
        "mean": 0.3646973960210432,
        "std": 0.07701807182918263,
        "median": 0.37532749969257895,
        "q025": 0.21029033291493543,
        "q975": 0.47238150694384073,
        "shape": [
          2,
          500
        ]
      },
      "sp": {
        "mean": 0.8089923113408318,
        "std": 0.39497795379518585,
        "median": 0.7772519681215875,
        "q025": 0.23447538938227822,
        "q975": 1.6514654051564606,
        "shape": [
          2,
          500
        ]
      },
      "base_v": {
        "mean": 2.255838390228164,
        "std": 0.10911753891470082,
        "median": 2.257227484120141,
        "q025": 2.0427136060487188,
        "q975": 2.4697152397184765,
        "shape": [
          2,
          500
        ]
      },
      "choice_probs": {
        "mean": 0.25,
        "std": 0.03038960571521065,
        "median": 0.24831141277622276,
        "q025": 0.1978178353136255,
        "q975": 0.3076039803861853,
        "shape": [
          2,
          500,
          4
        ],
        "elements": [
          {
            "index": 0,
            "mean": 0.2909441011529142,
            "std": 0.012477235016781215,
            "median": 0.29130870231602685,
            "q025": 0.26786850200125106,
            "q975": 0.3143699995422684
          },
          {
            "index": 1,
            "mean": 0.24490641468376106,
            "std": 0.01185148951730001,
            "median": 0.24594626520833637,
            "q025": 0.21984455606683498,
            "q975": 0.26897566123333505
          },
          {
            "index": 2,
            "mean": 0.25202757175510965,
            "std": 0.011980652240703027,
            "median": 0.2510232866861013,
            "q025": 0.22803240199433447,
            "q975": 0.27845365639374076
          },
          {
            "index": 3,
            "mean": 0.2121219124082151,
            "std": 0.0106401465742539,
            "median": 0.21159327619141932,
            "q025": 0.1922460801364974,
            "q975": 0.2325516482712258
          }
        ]
      },
      "rt_alpha": {
        "mean": 3.255838390228164,
        "std": 0.10911753891470082,
        "median": 3.257227484120141,
        "q025": 3.0427136060487188,
        "q975": 3.4697152397184765,
        "shape": [
          2,
          500
        ]
      },
      "rt_beta": {
        "mean": 2.255838390228164,
        "std": 0.10911753891470082,
        "median": 2.257227484120141,
        "q025": 2.0427136060487188,
        "q975": 2.4697152397184765,
        "shape": [
          2,
          500
        ]
      }
    },
    "statistics": {},
    "diagnostics": {
      "db1": {
        "rhat": 1.05,
        "ess_bulk": 92.0,
        "ess_tail": 392.0,
        "mcse_mean": 0.007
      },
      "db2": {
        "rhat": 1.05,
        "ess_bulk": 75.0,
        "ess_tail": 155.0,
        "mcse_mean": 0.009
      },
      "sp": {
        "rhat": 1.11,
        "ess_bulk": 28.0,
        "ess_tail": 29.0,
        "mcse_mean": 0.054
      },
      "base_v": {
        "rhat": 1.04,
        "ess_bulk": 127.0,
        "ess_tail": 201.0,
        "mcse_mean": 0.009
      },
      "choice_probs[0]": {
        "rhat": 1.0,
        "ess_bulk": 461.0,
        "ess_tail": 745.0,
        "mcse_mean": 0.001
      },
      "choice_probs[1]": {
        "rhat": 1.0,
        "ess_bulk": 494.0,
        "ess_tail": 749.0,
        "mcse_mean": 0.001
      },
      "choice_probs[2]": {
        "rhat": 1.0,
        "ess_bulk": 522.0,
        "ess_tail": 790.0,
        "mcse_mean": 0.001
      },
      "choice_probs[3]": {
        "rhat": 1.0,
        "ess_bulk": 463.0,
        "ess_tail": 720.0,
        "mcse_mean": 0.0
      },
      "rt_alpha": {
        "rhat": 1.04,
        "ess_bulk": 127.0,
        "ess_tail": 201.0,
        "mcse_mean": 0.009
      },
      "rt_beta": {
        "rhat": 1.04,
        "ess_bulk": 127.0,
        "ess_tail": 201.0,
        "mcse_mean": 0.009
      }
    }
  },
  "covariance_analysis": {
    "covariance_matrix": [
      [
        0.004876823287307635,
        0.0019827934399389868,
        -0.015562316474279934,
        0.001118947476802128,
        -0.0003017266503082169,
        -0.0004088241156274465,
        0.0004587724331851305,
        0.00025177833275053283,
        0.001118947476802128,
        0.001118947476802128
      ],
      [
        0.0019827934399389868,
        0.005937721109394527,
        -0.020918087740693495,
        0.0012335449528967691,
        -0.00026183535598000315,
        0.000481863086858426,
        -0.0004495622163630598,
        0.00022953448548463694,
        0.0012335449528967696,
        0.0012335449528967691
      ],
      [
        -0.015562316474279934,
        -0.020918087740693495,
        0.1561637477319639,
        -0.008028126250906613,
        -0.0012371311417152808,
        -8.342095916113074e-06,
        0.00018146262985971256,
        0.001064010607771681,
        -0.008028126250906611,
        -0.008028126250906613
      ],
      [
        0.001118947476802128,
        0.0012335449528967691,
        -0.008028126250906613,
        0.011918555854655902,
        4.2419826451505364e-05,
        -3.3408943341984696e-05,
        2.961911886692083e-05,
        -3.863000197644164e-05,
        0.011918555854655902,
        0.011918555854655902
      ],
      [
        -0.0003017266503082169,
        -0.00026183535598000315,
        -0.0012371311417152808,
        4.2419826451505364e-05,
        0.0001558372308948862,
        -1.4920329109672594e-05,
        -8.190400264894682e-06,
        -0.00013272650152031898,
        4.2419826451505384e-05,
        4.2419826451505364e-05
      ],
      [
        -0.0004088241156274465,
        0.000481863086858426,
        -8.342095916113074e-06,
        -3.3408943341984696e-05,
        -1.4920329109672594e-05,
        0.00014059840218085285,
        -0.00014028391849015692,
        1.4605845418976633e-05,
        -3.340894334198469e-05,
        -3.3408943341984696e-05
      ],
      [
        0.0004587724331851305,
        -0.0004495622163630598,
        0.00018146262985971256,
        2.961911886692083e-05,
        -8.190400264894682e-06,
        -0.00014028391849015692,
        0.00014367970782048294,
        4.794610934568636e-06,
        2.9619118866920808e-05,
        2.961911886692083e-05
      ],
      [
        0.00025177833275053283,
        0.00022953448548463694,
        0.001064010607771681,
        -3.863000197644164e-05,
        -0.00013272650152031898,
        1.4605845418976633e-05,
        4.794610934568636e-06,
        0.00011332604516677376,
        -3.863000197644163e-05,
        -3.863000197644164e-05
      ],
      [
        0.001118947476802128,
        0.0012335449528967696,
        -0.008028126250906611,
        0.011918555854655902,
        4.2419826451505384e-05,
        -3.340894334198469e-05,
        2.9619118866920808e-05,
        -3.863000197644163e-05,
        0.011918555854655902,
        0.0119185558546559
      ],
      [
        0.001118947476802128,
        0.0012335449528967691,
        -0.008028126250906613,
        0.011918555854655902,
        4.2419826451505364e-05,
        -3.3408943341984696e-05,
        2.961911886692083e-05,
        -3.863000197644164e-05,
        0.0119185558546559,
        0.011918555854655902
      ]
    ],
    "correlation_matrix": [
      [
        1.0,
        0.36846739688159863,
        -0.5639175643910487,
        0.14676732327634082,
        -0.3461063365978278,
        -0.4937166843974886,
        0.5480637606585871,
        0.33867643315350604,
        0.14676732327634082,
        0.14676732327634082
      ],
      [
        0.36846739688159863,
        0.9999999999999998,
        -0.6869450069410337,
        0.14663352165965665,
        -0.27219665297310025,
        0.5273798935366453,
        -0.48672335718878174,
        0.2798164094048031,
        0.1466335216596567,
        0.14663352165965665
      ],
      [
        -0.5639175643910487,
        -0.6869450069410337,
        1.0,
        -0.18608538447363407,
        -0.25077833612494527,
        -0.0017803068993757713,
        0.038308872585756285,
        0.25292454634340256,
        -0.186085384473634,
        -0.18608538447363407
      ],
      [
        0.1467673232763408,
        0.14663352165965665,
        -0.18608538447363404,
        0.9999999999999999,
        0.03112586704993245,
        -0.025808379093526884,
        0.02263406707252835,
        -0.033239007368765075,
        0.9999999999999999,
        0.9999999999999999
      ],
      [
        -0.3461063365978278,
        -0.2721966529731003,
        -0.25077833612494527,
        0.03112586704993245,
        1.0,
        -0.10079815872702011,
        -0.05473584120490574,
        -0.9987508670604612,
        0.03112586704993246,
        0.03112586704993245
      ],
      [
        -0.4937166843974886,
        0.5273798935366453,
        -0.0017803068993757715,
        -0.025808379093526884,
        -0.1007981587270201,
        1.0,
        -0.9870064202228664,
        0.11571019908750868,
        -0.02580837909352688,
        -0.025808379093526884
      ],
      [
        0.548063760658587,
        -0.48672335718878174,
        0.038308872585756285,
        0.022634067072528345,
        -0.054735841204905746,
        -0.9870064202228664,
        0.9999999999999999,
        0.037574290339035074,
        0.022634067072528335,
        0.022634067072528345
      ],
      [
        0.33867643315350604,
        0.2798164094048031,
        0.25292454634340256,
        -0.03323900736876508,
        -0.9987508670604612,
        0.11571019908750868,
        0.037574290339035074,
        0.9999999999999999,
        -0.03323900736876507,
        -0.03323900736876508
      ],
      [
        0.1467673232763408,
        0.1466335216596567,
        -0.186085384473634,
        0.9999999999999999,
        0.031125867049932462,
        -0.02580837909352688,
        0.02263406707252833,
        -0.03323900736876507,
        0.9999999999999999,
        0.9999999999999998
      ],
      [
        0.1467673232763408,
        0.14663352165965665,
        -0.18608538447363404,
        0.9999999999999999,
        0.03112586704993245,
        -0.025808379093526884,
        0.02263406707252835,
        -0.033239007368765075,
        0.9999999999999998,
        0.9999999999999999
      ]
    ],
    "standard_deviations": [
      0.06979932996827627,
      0.07701807182918255,
      0.39497795379518585,
      0.10911753891470076,
      0.012477235016781205,
      0.01185148951730001,
      0.01198065224070303,
      0.01064014657425391,
      0.10911753891470068,
      0.10911753891470076
    ],
    "parameter_names": [
      "db1",
      "db2",
      "sp",
      "base_v",
      "choice_probs[0]",
      "choice_probs[1]",
      "choice_probs[2]",
      "choice_probs[3]",
      "rt_alpha",
      "rt_beta"
    ],
    "matrix_shape": [
      10,
      10
    ],
    "n_samples": 1000
  }
}