{
  "metadata": {
    "analysis_type": "GRT-LBA",
    "extraction_timestamp": "2025-06-15T07:13:51.734911",
    "subject_id": 41
  },
  "parameter_estimates": {
    "subject_id": 41,
    "parameters": {
      "db1": {
        "mean": 0.6787014662677066,
        "std": 0.0777915761851775,
        "median": 0.6891386521876288,
        "q025": 0.5466607735527957,
        "q975": 0.7955138741144165,
        "shape": [
          2,
          500
        ]
      },
      "db2": {
        "mean": 0.4194901344862858,
        "std": 0.05437156634337095,
        "median": 0.430912634911613,
        "q025": 0.29828763622050736,
        "q975": 0.49610164465107465,
        "shape": [
          2,
          500
        ]
      },
      "sp": {
        "mean": 0.59068188097184,
        "std": 0.26104929381065817,
        "median": 0.5930039729289815,
        "q025": 0.22224593362540762,
        "q975": 1.124067642438511,
        "shape": [
          2,
          500
        ]
      },
      "base_v": {
        "mean": 2.1704066814838705,
        "std": 0.08569622701506427,
        "median": 2.182235781414744,
        "q025": 2.0028925284149506,
        "q975": 2.338375989984507,
        "shape": [
          2,
          500
        ]
      },
      "choice_probs": {
        "mean": 0.25,
        "std": 0.04289201569044258,
        "median": 0.24716936390058053,
        "q025": 0.1853194729971462,
        "q975": 0.3229746898323572,
        "shape": [
          2,
          500,
          4
        ],
        "elements": [
          {
            "index": 0,
            "mean": 0.22668799726224007,
            "std": 0.011462031076550014,
            "median": 0.22648728932646092,
            "q025": 0.20474056210450162,
            "q975": 0.24545528274633815
          },
          {
            "index": 1,
            "mean": 0.19797047906162243,
            "std": 0.009658335608459532,
            "median": 0.19779848440169023,
            "q025": 0.1783473339434121,
            "q975": 0.2155611883895394
          },
          {
            "index": 2,
            "mean": 0.30707235514341064,
            "std": 0.01196908121271526,
            "median": 0.30693936182781467,
            "q025": 0.2850386663189089,
            "q975": 0.33205240606077546
          },
          {
            "index": 3,
            "mean": 0.26826916853272686,
            "std": 0.012224678749951605,
            "median": 0.26747386941484774,
            "q025": 0.24847430732860248,
            "q975": 0.29305957271864186
          }
        ]
      },
      "rt_alpha": {
        "mean": 3.1704066814838705,
        "std": 0.08569622701506427,
        "median": 3.182235781414744,
        "q025": 3.0028925284149506,
        "q975": 3.338375989984507,
        "shape": [
          2,
          500
        ]
      },
      "rt_beta": {
        "mean": 2.1704066814838705,
        "std": 0.08569622701506427,
        "median": 2.182235781414744,
        "q025": 2.0028925284149506,
        "q975": 2.338375989984507,
        "shape": [
          2,
          500
        ]
      }
    },
    "statistics": {},
    "diagnostics": {
      "db1": {
        "rhat": 1.11,
        "ess_bulk": 16.0,
        "ess_tail": 5.0,
        "mcse_mean": 0.02
      },
      "db2": {
        "rhat": 1.05,
        "ess_bulk": 36.0,
        "ess_tail": 326.0,
        "mcse_mean": 0.008
      },
      "sp": {
        "rhat": 1.1,
        "ess_bulk": 16.0,
        "ess_tail": 5.0,
        "mcse_mean": 0.061
      },
      "base_v": {
        "rhat": 1.03,
        "ess_bulk": 265.0,
        "ess_tail": 295.0,
        "mcse_mean": 0.005
      },
      "choice_probs[0]": {
        "rhat": 1.07,
        "ess_bulk": 25.0,
        "ess_tail": 84.0,
        "mcse_mean": 0.002
      },
      "choice_probs[1]": {
        "rhat": 1.05,
        "ess_bulk": 31.0,
        "ess_tail": 535.0,
        "mcse_mean": 0.002
      },
      "choice_probs[2]": {
        "rhat": 1.04,
        "ess_bulk": 48.0,
        "ess_tail": 534.0,
        "mcse_mean": 0.002
      },
      "choice_probs[3]": {
        "rhat": 1.05,
        "ess_bulk": 37.0,
        "ess_tail": 78.0,
        "mcse_mean": 0.002
      },
      "rt_alpha": {
        "rhat": 1.03,
        "ess_bulk": 265.0,
        "ess_tail": 295.0,
        "mcse_mean": 0.005
      },
      "rt_beta": {
        "rhat": 1.03,
        "ess_bulk": 265.0,
        "ess_tail": 295.0,
        "mcse_mean": 0.005
      }
    }
  },
  "covariance_analysis": {
    "covariance_matrix": [
      [
        0.006057586912286566,
        -0.0024537227162948812,
        0.017470371796187503,
        -0.0009343704452389086,
        -0.00029082646782952024,
        -0.00026805993357541995,
        0.0003147499365552511,
        0.00024413646484968866,
        -0.0009343704452389064,
        -0.0009343704452389086
      ],
      [
        -0.0024537227162948812,
        0.0029592264530846728,
        -0.009506123090465467,
        0.0003404219752027599,
        -0.00027101444761872977,
        0.0002252779216394665,
        -0.00031463897659119095,
        0.00036037550257045364,
        0.00034042197520276006,
        0.0003404219752027599
      ],
      [
        0.017470371796187503,
        -0.009506123090465467,
        0.06821494874779115,
        -0.0026926093914481745,
        0.00016240414044403707,
        5.005218870016004e-05,
        -2.621760368322071e-05,
        -0.00018623872546097471,
        -0.002692609391448174,
        -0.0026926093914481745
      ],
      [
        -0.0009343704452389086,
        0.0003404219752027599,
        -0.0026926093914481745,
        0.007351194519136566,
        5.716729060587031e-05,
        6.217343564132384e-05,
        -7.17031674264824e-05,
        -4.763755882071152e-05,
        0.007351194519136569,
        0.007351194519136566
      ],
      [
        -0.00029082646782952024,
        -0.00027101444761872977,
        0.00016240414044403707,
        5.716729060587031e-05,
        0.0001315096660658641,
        3.19004165923222e-05,
        -2.6226024965270468e-05,
        -0.00013718405769291554,
        5.7167290605870073e-05,
        5.716729060587031e-05
      ],
      [
        -0.00026805993357541995,
        0.0002252779216394665,
        5.005218870016004e-05,
        6.217343564132384e-05,
        3.19004165923222e-05,
        9.337682354918656e-05,
        -0.00011502260867534512,
        -1.0254631466163434e-05,
        6.217343564132392e-05,
        6.217343564132384e-05
      ],
      [
        0.0003147499365552511,
        -0.00031463897659119095,
        -2.621760368322071e-05,
        -7.17031674264824e-05,
        -2.6226024965270468e-05,
        -0.00011502260867534512,
        0.0001434023073839573,
        -2.1536737433419014e-06,
        -7.170316742648258e-05,
        -7.17031674264824e-05
      ],
      [
        0.00024413646484968866,
        0.00036037550257045364,
        -0.00018623872546097471,
        -4.763755882071152e-05,
        -0.00013718405769291554,
        -1.0254631466163434e-05,
        -2.1536737433419014e-06,
        0.00014959236290242075,
        -4.7637558820711295e-05,
        -4.763755882071152e-05
      ],
      [
        -0.0009343704452389064,
        0.00034042197520276006,
        -0.002692609391448174,
        0.007351194519136569,
        5.7167290605870073e-05,
        6.217343564132392e-05,
        -7.170316742648258e-05,
        -4.7637558820711295e-05,
        0.007351194519136567,
        0.007351194519136566
      ],
      [
        -0.0009343704452389086,
        0.0003404219752027599,
        -0.0026926093914481745,
        0.007351194519136566,
        5.716729060587031e-05,
        6.217343564132384e-05,
        -7.17031674264824e-05,
        -4.763755882071152e-05,
        0.007351194519136566,
        0.007351194519136567
      ]
    ],
    "correlation_matrix": [
      [
        1.0,
        -0.5795441899716661,
        0.8594340221338878,
        -0.14002007586274243,
        -0.32584065059250406,
        -0.3564203813590847,
        0.3377052051517644,
        0.25646500506608405,
        -0.14002007586274212,
        -0.14002007586274243
      ],
      [
        -0.5795441899716661,
        1.0,
        -0.6690746176986901,
        0.0729876750102242,
        -0.4344346989264914,
        0.4285583708324399,
        -0.4829980205011065,
        0.5416408982933304,
        0.07298767501022423,
        0.0729876750102242
      ],
      [
        0.8594340221338876,
        -0.66907461769869,
        1.0,
        -0.12024156503143406,
        0.05422236812470585,
        0.01983187363506734,
        -0.008382530570650321,
        -0.05830093249985705,
        -0.12024156503143403,
        -0.12024156503143406
      ],
      [
        -0.14002007586274243,
        0.0729876750102242,
        -0.12024156503143406,
        1.0,
        0.05814197965719037,
        0.07504233884502268,
        -0.06983631475120898,
        -0.045427185417044526,
        1.0,
        1.0
      ],
      [
        -0.325840650592504,
        -0.4344346989264914,
        0.05422236812470585,
        0.05814197965719037,
        1.0,
        0.28787103484324944,
        -0.1909745798061082,
        -0.9780703552479442,
        0.058141979657190125,
        0.05814197965719037
      ],
      [
        -0.3564203813590847,
        0.4285583708324399,
        0.01983187363506734,
        0.07504233884502268,
        0.28787103484324944,
        0.9999999999999998,
        -0.9939981938715947,
        -0.08676524510995783,
        0.07504233884502277,
        0.07504233884502268
      ],
      [
        0.3377052051517644,
        -0.4829980205011065,
        -0.008382530570650321,
        -0.06983631475120898,
        -0.1909745798061082,
        -0.9939981938715946,
        0.9999999999999999,
        -0.014704394054756304,
        -0.06983631475120915,
        -0.06983631475120898
      ],
      [
        0.2564650050660841,
        0.5416408982933304,
        -0.05830093249985705,
        -0.04542718541704453,
        -0.9780703552479441,
        -0.08676524510995783,
        -0.014704394054756304,
        1.0,
        -0.04542718541704431,
        -0.04542718541704453
      ],
      [
        -0.1400200758627421,
        0.07298767501022423,
        -0.12024156503143403,
        1.0,
        0.058141979657190125,
        0.07504233884502277,
        -0.06983631475120915,
        -0.04542718541704431,
        1.0,
        1.0
      ],
      [
        -0.14002007586274243,
        0.0729876750102242,
        -0.12024156503143406,
        1.0,
        0.05814197965719037,
        0.07504233884502268,
        -0.06983631475120898,
        -0.045427185417044526,
        1.0,
        1.0
      ]
    ],
    "standard_deviations": [
      0.07779157618517758,
      0.05437156634337099,
      0.26104929381065844,
      0.0856962270150642,
      0.011462031076550016,
      0.009658335608459521,
      0.011969081212715263,
      0.012224678749951616,
      0.08569622701506427,
      0.0856962270150642
    ],
    "parameter_names": [
      "db1",
      "db2",
      "sp",
      "base_v",
      "choice_probs[0]",
      "choice_probs[1]",
      "choice_probs[2]",
      "choice_probs[3]",
      "rt_alpha",
      "rt_beta"
    ],
    "matrix_shape": [
      10,
      10
    ],
    "n_samples": 1000
  }
}