{
  "metadata": {
    "analysis_type": "GRT-LBA",
    "extraction_timestamp": "2025-06-15T07:13:51.474648",
    "subject_id": 38
  },
  "parameter_estimates": {
    "subject_id": 38,
    "parameters": {
      "db1": {
        "mean": 0.34932580666125007,
        "std": 0.06795997292455867,
        "median": 0.35738397256590027,
        "q025": 0.21435746938473843,
        "q975": 0.4635250631319283,
        "shape": [
          2,
          500
        ]
      },
      "db2": {
        "mean": 0.34863390874164546,
        "std": 0.0682403856267129,
        "median": 0.3584868525447611,
        "q025": 0.20748492432366816,
        "q975": 0.4553337406831362,
        "shape": [
          2,
          500
        ]
      },
      "sp": {
        "mean": 0.8632967589045145,
        "std": 0.3246396415948848,
        "median": 0.8253494601056358,
        "q025": 0.3477599736711794,
        "q975": 1.5419761975110118,
        "shape": [
          2,
          500
        ]
      },
      "base_v": {
        "mean": 2.83104213615617,
        "std": 0.13396690891488003,
        "median": 2.8210309189593445,
        "q025": 2.57554386117388,
        "q975": 3.1315969301284574,
        "shape": [
          2,
          500
        ]
      },
      "choice_probs": {
        "mean": 0.25,
        "std": 0.033751008945949304,
        "median": 0.24785095886966535,
        "q025": 0.19393274077889022,
        "q975": 0.3127947994098837,
        "shape": [
          2,
          500,
          4
        ],
        "elements": [
          {
            "index": 0,
            "mean": 0.29701540222596556,
            "std": 0.012333930815895856,
            "median": 0.297168021650715,
            "q025": 0.2731673017090019,
            "q975": 0.3222559216648346
          },
          {
            "index": 1,
            "mean": 0.2477588043004521,
            "std": 0.010869486605736998,
            "median": 0.24752546410174248,
            "q025": 0.22725881844212475,
            "q975": 0.268997192825894
          },
          {
            "index": 2,
            "mean": 0.2481714620632196,
            "std": 0.01081120452830075,
            "median": 0.24821772804005832,
            "q025": 0.227175538096378,
            "q975": 0.2696055664033796
          },
          {
            "index": 3,
            "mean": 0.20705433141036275,
            "std": 0.010306487347862428,
            "median": 0.20678455313926172,
            "q025": 0.1867804186979918,
            "q975": 0.2275713456353577
          }
        ]
      },
      "rt_alpha": {
        "mean": 3.83104213615617,
        "std": 0.13396690891488003,
        "median": 3.8210309189593445,
        "q025": 3.57554386117388,
        "q975": 4.131596930128458,
        "shape": [
          2,
          500
        ]
      },
      "rt_beta": {
        "mean": 2.83104213615617,
        "std": 0.13396690891488003,
        "median": 2.8210309189593445,
        "q025": 2.57554386117388,
        "q975": 3.1315969301284574,
        "shape": [
          2,
          500
        ]
      }
    },
    "statistics": {},
    "diagnostics": {
      "db1": {
        "rhat": 1.0,
        "ess_bulk": 400.0,
        "ess_tail": 280.0,
        "mcse_mean": 0.003
      },
      "db2": {
        "rhat": 1.0,
        "ess_bulk": 246.0,
        "ess_tail": 141.0,
        "mcse_mean": 0.004
      },
      "sp": {
        "rhat": 1.01,
        "ess_bulk": 282.0,
        "ess_tail": 330.0,
        "mcse_mean": 0.019
      },
      "base_v": {
        "rhat": 1.01,
        "ess_bulk": 542.0,
        "ess_tail": 383.0,
        "mcse_mean": 0.006
      },
      "choice_probs[0]": {
        "rhat": 1.01,
        "ess_bulk": 1010.0,
        "ess_tail": 718.0,
        "mcse_mean": 0.0
      },
      "choice_probs[1]": {
        "rhat": 1.0,
        "ess_bulk": 676.0,
        "ess_tail": 787.0,
        "mcse_mean": 0.0
      },
      "choice_probs[2]": {
        "rhat": 1.0,
        "ess_bulk": 673.0,
        "ess_tail": 794.0,
        "mcse_mean": 0.0
      },
      "choice_probs[3]": {
        "rhat": 1.01,
        "ess_bulk": 1011.0,
        "ess_tail": 718.0,
        "mcse_mean": 0.0
      },
      "rt_alpha": {
        "rhat": 1.01,
        "ess_bulk": 542.0,
        "ess_tail": 383.0,
        "mcse_mean": 0.006
      },
      "rt_beta": {
        "rhat": 1.01,
        "ess_bulk": 542.0,
        "ess_tail": 383.0,
        "mcse_mean": 0.006
      }
    }
  },
  "covariance_analysis": {
    "covariance_matrix": [
      [
        0.0046231811010077565,
        0.001733126510242943,
        -0.012945130512054833,
        0.0005291550661331136,
        -0.00024827420749715817,
        -0.0003712358217028141,
        0.0004117679916300601,
        0.00020774203756991226,
        0.0005291550661331138,
        0.0005291550661331136
      ],
      [
        0.001733126510242943,
        0.0046614116421246085,
        -0.013041534116875123,
        0.0006072381082446907,
        -0.0002686149025306317,
        0.0004002765825404133,
        -0.00035614884766767545,
        0.00022448716765789402,
        0.0006072381082446904,
        0.0006072381082446907
      ],
      [
        -0.012945130512054833,
        -0.013041534116875123,
        0.10549639328814336,
        -0.0027122564507808737,
        -0.0013107632293419018,
        0.00019492947601067265,
        7.67336607982814e-06,
        0.0011081603872514006,
        -0.0027122564507808707,
        -0.0027122564507808737
      ],
      [
        0.0005291550661331136,
        0.0006072381082446907,
        -0.0027122564507808737,
        0.017965097781989757,
        4.318734504584204e-06,
        3.084912358748799e-05,
        -3.3636765793040445e-05,
        -1.5310922990307201e-06,
        0.017965097781989757,
        0.017965097781989757
      ],
      [
        -0.00024827420749715817,
        -0.0002686149025306317,
        -0.0013107632293419018,
        4.318734504584204e-06,
        0.00015227812749880418,
        -1.6945933391584107e-05,
        -8.196135979552536e-06,
        -0.00012713605812766755,
        4.31873450458411e-06,
        4.318734504584204e-06
      ],
      [
        -0.0003712358217028141,
        0.0004002765825404133,
        0.00019492947601067265,
        3.084912358748799e-05,
        -1.6945933391584107e-05,
        0.0001182640030753714,
        -0.0001154635614320184,
        1.4145491748231132e-05,
        3.0849123587487956e-05,
        3.084912358748799e-05
      ],
      [
        0.0004117679916300601,
        -0.00035614884766767545,
        7.67336607982814e-06,
        -3.3636765793040445e-05,
        -8.196135979552536e-06,
        -0.0001154635614320184,
        0.00011699914249524588,
        6.660554916325061e-06,
        -3.363676579304042e-05,
        -3.3636765793040445e-05
      ],
      [
        0.00020774203756991226,
        0.00022448716765789402,
        0.0011081603872514006,
        -1.5310922990307201e-06,
        -0.00012713605812766755,
        1.4145491748231132e-05,
        6.660554916325061e-06,
        0.0001063300114631114,
        -1.531092299030663e-06,
        -1.5310922990307201e-06
      ],
      [
        0.0005291550661331138,
        0.0006072381082446904,
        -0.0027122564507808707,
        0.017965097781989757,
        4.31873450458411e-06,
        3.0849123587487956e-05,
        -3.363676579304042e-05,
        -1.531092299030663e-06,
        0.01796509778198976,
        0.01796509778198976
      ],
      [
        0.0005291550661331136,
        0.0006072381082446907,
        -0.0027122564507808737,
        0.017965097781989757,
        4.318734504584204e-06,
        3.084912358748799e-05,
        -3.3636765793040445e-05,
        -1.5310922990307201e-06,
        0.01796509778198976,
        0.017965097781989757
      ]
    ],
    "correlation_matrix": [
      [
        1.0,
        0.373337043609814,
        -0.5861613437764036,
        0.05806276489369272,
        -0.29589824361810246,
        -0.5020571256338932,
        0.5598746342192367,
        0.2962961466793834,
        0.05806276489369272,
        0.05806276489369272
      ],
      [
        0.373337043609814,
        1.0,
        -0.5880999567572018,
        0.06635680967308502,
        -0.3188251782202724,
        0.5391072438629668,
        -0.4822602599221668,
        0.31886353898079733,
        0.06635680967308497,
        0.06635680967308502
      ],
      [
        -0.5861613437764036,
        -0.5880999567572018,
        0.9999999999999998,
        -0.062301306183992364,
        -0.3270293112081493,
        0.055186445390490994,
        0.00218411636272344,
        0.33086885244345193,
        -0.062301306183992274,
        -0.062301306183992364
      ],
      [
        0.05806276489369273,
        0.06635680967308502,
        -0.06230130618399236,
        1.0,
        0.00261109666395047,
        0.021164194794957923,
        -0.023201074533530222,
        -0.0011077930829460122,
        1.0,
        1.0
      ],
      [
        -0.29589824361810246,
        -0.31882517822027245,
        -0.3270293112081493,
        0.00261109666395047,
        1.0,
        -0.12627589156346508,
        -0.061404337737592025,
        -0.9991301111769204,
        0.0026110966639504127,
        0.00261109666395047
      ],
      [
        -0.5020571256338933,
        0.5391072438629668,
        0.055186445390491,
        0.021164194794957923,
        -0.12627589156346505,
        1.0,
        -0.9815836640517577,
        0.12614319644940825,
        0.021164194794957895,
        0.021164194794957923
      ],
      [
        0.5598746342192368,
        -0.4822602599221668,
        0.00218411636272344,
        -0.023201074533530226,
        -0.06140433773759203,
        -0.9815836640517576,
        1.0,
        0.05971605972029701,
        -0.0232010745335302,
        -0.023201074533530226
      ],
      [
        0.2962961466793834,
        0.31886353898079733,
        0.3308688524434519,
        -0.0011077930829460122,
        -0.9991301111769204,
        0.12614319644940822,
        0.05971605972029702,
        0.9999999999999998,
        -0.0011077930829459706,
        -0.0011077930829460122
      ],
      [
        0.05806276489369273,
        0.06635680967308498,
        -0.06230130618399228,
        1.0,
        0.0026110966639504123,
        0.021164194794957895,
        -0.023201074533530198,
        -0.0011077930829459706,
        1.0,
        1.0
      ],
      [
        0.05806276489369273,
        0.06635680967308502,
        -0.06230130618399236,
        1.0,
        0.00261109666395047,
        0.021164194794957923,
        -0.023201074533530222,
        -0.0011077930829460122,
        1.0,
        1.0
      ]
    ],
    "standard_deviations": [
      0.06795997292455874,
      0.0682403856267129,
      0.32463964159488473,
      0.1339669089148801,
      0.012333930815895846,
      0.010869486605737009,
      0.010811204528300748,
      0.010306487347862433,
      0.13396690891487997,
      0.1339669089148801
    ],
    "parameter_names": [
      "db1",
      "db2",
      "sp",
      "base_v",
      "choice_probs[0]",
      "choice_probs[1]",
      "choice_probs[2]",
      "choice_probs[3]",
      "rt_alpha",
      "rt_beta"
    ],
    "matrix_shape": [
      10,
      10
    ],
    "n_samples": 1000
  }
}