{
  "metadata": {
    "analysis_type": "GRT-LBA",
    "extraction_timestamp": "2025-06-15T07:13:52.255246",
    "subject_id": 47
  },
  "parameter_estimates": {
    "subject_id": 47,
    "parameters": {
      "db1": {
        "mean": 0.4931479339797796,
        "std": 0.046009885790018704,
        "median": 0.4951964116244393,
        "q025": 0.40039627687059814,
        "q975": 0.5852138604176905,
        "shape": [
          2,
          500
        ]
      },
      "db2": {
        "mean": 0.3043397946113863,
        "std": 0.05731186080967707,
        "median": 0.3019868524042801,
        "q025": 0.20603868088021352,
        "q975": 0.4105276875838294,
        "shape": [
          2,
          500
        ]
      },
      "sp": {
        "mean": 0.6930949432460672,
        "std": 0.23615806435335776,
        "median": 0.668997278419032,
        "q025": 0.32851699179309146,
        "q975": 1.2471177534986146,
        "shape": [
          2,
          500
        ]
      },
      "base_v": {
        "mean": 4.204816557959266,
        "std": 0.18522473825352653,
        "median": 4.2002231149368034,
        "q025": 3.8418039721481656,
        "q975": 4.569296154950636,
        "shape": [
          2,
          500
        ]
      },
      "choice_probs": {
        "mean": 0.25,
        "std": 0.03811472995621671,
        "median": 0.24837858333117024,
        "q025": 0.19613093415717014,
        "q975": 0.306699049315012,
        "shape": [
          2,
          500,
          4
        ],
        "elements": [
          {
            "index": 0,
            "mean": 0.28788891299691294,
            "std": 0.012573367192465882,
            "median": 0.2874489836236716,
            "q025": 0.26461864334341045,
            "q975": 0.3133969203470175
          },
          {
            "index": 1,
            "mean": 0.2148649856125104,
            "std": 0.01051675720594254,
            "median": 0.21486598271296833,
            "q025": 0.19461104725985404,
            "q975": 0.23632154752339826
          },
          {
            "index": 2,
            "mean": 0.2847164523734296,
            "std": 0.012078111967777421,
            "median": 0.28444986279359286,
            "q025": 0.2611924529090066,
            "q975": 0.30886326059369046
          },
          {
            "index": 3,
            "mean": 0.21252964901714708,
            "std": 0.010819417400131936,
            "median": 0.21259969417407334,
            "q025": 0.19083060514375247,
            "q975": 0.23396484351080762
          }
        ]
      },
      "rt_alpha": {
        "mean": 5.204816557959266,
        "std": 0.18522473825352653,
        "median": 5.2002231149368034,
        "q025": 4.841803972148165,
        "q975": 5.569296154950636,
        "shape": [
          2,
          500
        ]
      },
      "rt_beta": {
        "mean": 4.204816557959266,
        "std": 0.18522473825352653,
        "median": 4.2002231149368034,
        "q025": 3.8418039721481656,
        "q975": 4.569296154950636,
        "shape": [
          2,
          500
        ]
      }
    },
    "statistics": {},
    "diagnostics": {
      "db1": {
        "rhat": 1.0,
        "ess_bulk": 844.0,
        "ess_tail": 452.0,
        "mcse_mean": 0.002
      },
      "db2": {
        "rhat": 1.0,
        "ess_bulk": 321.0,
        "ess_tail": 433.0,
        "mcse_mean": 0.003
      },
      "sp": {
        "rhat": 1.0,
        "ess_bulk": 343.0,
        "ess_tail": 332.0,
        "mcse_mean": 0.012
      },
      "base_v": {
        "rhat": 1.0,
        "ess_bulk": 539.0,
        "ess_tail": 587.0,
        "mcse_mean": 0.008
      },
      "choice_probs[0]": {
        "rhat": 1.01,
        "ess_bulk": 938.0,
        "ess_tail": 768.0,
        "mcse_mean": 0.0
      },
      "choice_probs[1]": {
        "rhat": 1.0,
        "ess_bulk": 977.0,
        "ess_tail": 755.0,
        "mcse_mean": 0.0
      },
      "choice_probs[2]": {
        "rhat": 1.0,
        "ess_bulk": 943.0,
        "ess_tail": 720.0,
        "mcse_mean": 0.0
      },
      "choice_probs[3]": {
        "rhat": 1.01,
        "ess_bulk": 963.0,
        "ess_tail": 713.0,
        "mcse_mean": 0.0
      },
      "rt_alpha": {
        "rhat": 1.0,
        "ess_bulk": 539.0,
        "ess_tail": 587.0,
        "mcse_mean": 0.008
      },
      "rt_beta": {
        "rhat": 1.0,
        "ess_bulk": 539.0,
        "ess_tail": 587.0,
        "mcse_mean": 0.008
      }
    }
  },
  "covariance_analysis": {
    "covariance_matrix": [
      [
        0.0021190286190295934,
        2.1253508351167887e-05,
        0.0001660692396557569,
        -9.523089029617063e-05,
        -0.00040759062250485614,
        -0.0002919921642045794,
        0.000393120927371001,
        0.00030646185933843424,
        -9.523089029617087e-05,
        -9.523089029617063e-05
      ],
      [
        2.1253508351167887e-05,
        0.003287937326794593,
        -0.00935572673512305,
        0.0004900634783909175,
        -0.00011640757282352934,
        0.0001395190207664315,
        -0.00014087490195490557,
        0.00011776345401200336,
        0.0004900634783909178,
        0.0004900634783909175
      ],
      [
        0.0001660692396557569,
        -0.00935572673512305,
        0.0558264578169416,
        -0.0016147444741362524,
        -0.00100859442764894,
        0.0008107621168264071,
        -0.0007763045730620836,
        0.0009741368838846173,
        -0.0016147444741362522,
        -0.0016147444741362524
      ],
      [
        -9.523089029617063e-05,
        0.0004900634783909175,
        -0.0016147444741362524,
        0.03434254620729471,
        9.528006833198506e-06,
        -1.4435056485907637e-06,
        -1.6614852299357774e-06,
        -6.423015954671826e-06,
        0.03434254620729472,
        0.03434254620729471
      ],
      [
        -0.00040759062250485614,
        -0.00011640757282352934,
        -0.00100859442764894,
        9.528006833198506e-06,
        0.0001582478103669443,
        -6.348627647564364e-06,
        -1.7169534504390836e-05,
        -0.00013472964821498908,
        9.528006833198554e-06,
        9.528006833198506e-06
      ],
      [
        -0.0002919921642045794,
        0.0001395190207664315,
        0.0008107621168264071,
        -1.4435056485907637e-06,
        -6.348627647564364e-06,
        0.0001107128950237681,
        -0.000125387113380183,
        2.1022846003979334e-05,
        -1.4435056485907654e-06,
        -1.4435056485907637e-06
      ],
      [
        0.000393120927371001,
        -0.00014087490195490557,
        -0.0007763045730620836,
        -1.6614852299357774e-06,
        -1.7169534504390836e-05,
        -0.000125387113380183,
        0.00014602681552168984,
        -3.470167637116088e-06,
        -1.6614852299357861e-06,
        -1.6614852299357774e-06
      ],
      [
        0.00030646185933843424,
        0.00011776345401200336,
        0.0009741368838846173,
        -6.423015954671826e-06,
        -0.00013472964821498908,
        2.1022846003979334e-05,
        -3.470167637116088e-06,
        0.0001171769698481258,
        -6.423015954671898e-06,
        -6.423015954671826e-06
      ],
      [
        -9.523089029617087e-05,
        0.0004900634783909178,
        -0.0016147444741362522,
        0.03434254620729472,
        9.528006833198554e-06,
        -1.4435056485907654e-06,
        -1.6614852299357861e-06,
        -6.423015954671898e-06,
        0.03434254620729472,
        0.03434254620729472
      ],
      [
        -9.523089029617063e-05,
        0.0004900634783909175,
        -0.0016147444741362524,
        0.03434254620729471,
        9.528006833198506e-06,
        -1.4435056485907637e-06,
        -1.6614852299357774e-06,
        -6.423015954671826e-06,
        0.03434254620729472,
        0.03434254620729471
      ]
    ],
    "correlation_matrix": [
      [
        0.9999999999999999,
        0.008051938582645074,
        0.01526865385993795,
        -0.011163315209949003,
        -0.7038610251522293,
        -0.6028422502891327,
        0.7067103395295694,
        0.6150166728731632,
        -0.01116331520994903,
        -0.011163315209949003
      ],
      [
        0.008051938582645074,
        1.0,
        -0.6905509492849281,
        0.04611841014603124,
        -0.1613803354725136,
        0.23124510614605054,
        -0.2033085084731025,
        0.18972634408704298,
        0.046118410146031276,
        0.04611841014603124
      ],
      [
        0.015268653859937953,
        -0.6905509492849281,
        0.9999999999999999,
        -0.03687801401134578,
        -0.33933423186465805,
        0.32611765282126054,
        -0.27189160656897915,
        0.3808718009255668,
        -0.03687801401134577,
        -0.03687801401134578
      ],
      [
        -0.011163315209949001,
        0.04611841014603124,
        -0.03687801401134578,
        0.9999999999999999,
        0.0040871159583738105,
        -0.0007402921401557369,
        -0.0007419317081511328,
        -0.003201854728279419,
        1.0,
        0.9999999999999999
      ],
      [
        -0.7038610251522293,
        -0.16138033547251357,
        -0.33933423186465805,
        0.0040871159583738105,
        1.0,
        -0.04796361383162265,
        -0.11294665119878775,
        -0.9894029239859182,
        0.004087115958373831,
        0.0040871159583738105
      ],
      [
        -0.6028422502891327,
        0.23124510614605054,
        0.3261176528212606,
        -0.000740292140155737,
        -0.04796361383162265,
        1.0,
        -0.9861375439841102,
        0.18457431862133863,
        -0.0007402921401557379,
        -0.000740292140155737
      ],
      [
        0.7067103395295693,
        -0.2033085084731025,
        -0.2718916065689791,
        -0.0007419317081511327,
        -0.11294665119878775,
        -0.9861375439841102,
        1.0,
        -0.026528519673049488,
        -0.0007419317081511366,
        -0.0007419317081511327
      ],
      [
        0.6150166728731631,
        0.18972634408704298,
        0.3808718009255668,
        -0.003201854728279419,
        -0.9894029239859182,
        0.18457431862133863,
        -0.02652851967304949,
        1.0,
        -0.003201854728279455,
        -0.003201854728279419
      ],
      [
        -0.01116331520994903,
        0.046118410146031276,
        -0.03687801401134578,
        1.0,
        0.0040871159583738305,
        -0.0007402921401557379,
        -0.0007419317081511365,
        -0.003201854728279455,
        1.0,
        1.0
      ],
      [
        -0.011163315209949001,
        0.04611841014603124,
        -0.03687801401134578,
        0.9999999999999999,
        0.0040871159583738105,
        -0.0007402921401557369,
        -0.0007419317081511328,
        -0.003201854728279419,
        1.0,
        0.9999999999999999
      ]
    ],
    "standard_deviations": [
      0.04600988579001869,
      0.057311860809677054,
      0.23615806435335773,
      0.18522473825352656,
      0.012573367192465884,
      0.010516757205942542,
      0.012078111967777428,
      0.010819417400131938,
      0.18522473825352673,
      0.18522473825352656
    ],
    "parameter_names": [
      "db1",
      "db2",
      "sp",
      "base_v",
      "choice_probs[0]",
      "choice_probs[1]",
      "choice_probs[2]",
      "choice_probs[3]",
      "rt_alpha",
      "rt_beta"
    ],
    "matrix_shape": [
      10,
      10
    ],
    "n_samples": 1000
  }
}