{
  "metadata": {
    "analysis_type": "GRT-LBA",
    "extraction_timestamp": "2025-06-15T07:13:51.644917",
    "subject_id": 40
  },
  "parameter_estimates": {
    "subject_id": 40,
    "parameters": {
      "db1": {
        "mean": 0.5919557245920676,
        "std": 0.05481232573837315,
        "median": 0.583028466578078,
        "q025": 0.5059075643386428,
        "q975": 0.7131386731770273,
        "shape": [
          2,
          500
        ]
      },
      "db2": {
        "mean": 0.6875507543445338,
        "std": 0.06323081730906321,
        "median": 0.6892327652828032,
        "q025": 0.5741180711470233,
        "q975": 0.791564859258877,
        "shape": [
          2,
          500
        ]
      },
      "sp": {
        "mean": 0.6895861079614477,
        "std": 0.25368212689790764,
        "median": 0.6753845263805827,
        "q025": 0.26984401866270796,
        "q975": 1.239167643262207,
        "shape": [
          2,
          500
        ]
      },
      "base_v": {
        "mean": 2.741601976408352,
        "std": 0.12990063140597863,
        "median": 2.745696184630707,
        "q025": 2.485068722338833,
        "q975": 3.006482779349703,
        "shape": [
          2,
          500
        ]
      },
      "choice_probs": {
        "mean": 0.25,
        "std": 0.04047204691074227,
        "median": 0.2473652351896703,
        "q025": 0.18735552149759482,
        "q975": 0.3200761756664935,
        "shape": [
          2,
          500,
          4
        ],
        "elements": [
          {
            "index": 0,
            "mean": 0.20058351730309049,
            "std": 0.010023532649469057,
            "median": 0.1999679745074585,
            "q025": 0.18165192011682696,
            "q975": 0.22113325881794516
          },
          {
            "index": 1,
            "mean": 0.2657764581873291,
            "std": 0.011853803428456735,
            "median": 0.26552556734459065,
            "q025": 0.2425778149538135,
            "q975": 0.2897405605249058
          },
          {
            "index": 2,
            "mean": 0.2295323787594148,
            "std": 0.011048023703698747,
            "median": 0.22934331640248434,
            "q025": 0.20817012500398088,
            "q975": 0.25209326418745187
          },
          {
            "index": 3,
            "mean": 0.30410764575016563,
            "std": 0.012306802646681188,
            "median": 0.3046224062265692,
            "q025": 0.28029555647713256,
            "q975": 0.32811240143010506
          }
        ]
      },
      "rt_alpha": {
        "mean": 3.741601976408352,
        "std": 0.12990063140597863,
        "median": 3.745696184630707,
        "q025": 3.485068722338833,
        "q975": 4.006482779349703,
        "shape": [
          2,
          500
        ]
      },
      "rt_beta": {
        "mean": 2.741601976408352,
        "std": 0.12990063140597863,
        "median": 2.745696184630707,
        "q025": 2.485068722338833,
        "q975": 3.006482779349703,
        "shape": [
          2,
          500
        ]
      }
    },
    "statistics": {},
    "diagnostics": {
      "db1": {
        "rhat": 1.02,
        "ess_bulk": 225.0,
        "ess_tail": 362.0,
        "mcse_mean": 0.004
      },
      "db2": {
        "rhat": 1.02,
        "ess_bulk": 184.0,
        "ess_tail": 83.0,
        "mcse_mean": 0.005
      },
      "sp": {
        "rhat": 1.03,
        "ess_bulk": 100.0,
        "ess_tail": 43.0,
        "mcse_mean": 0.021
      },
      "base_v": {
        "rhat": 1.01,
        "ess_bulk": 222.0,
        "ess_tail": 254.0,
        "mcse_mean": 0.009
      },
      "choice_probs[0]": {
        "rhat": 1.0,
        "ess_bulk": 650.0,
        "ess_tail": 444.0,
        "mcse_mean": 0.0
      },
      "choice_probs[1]": {
        "rhat": 1.01,
        "ess_bulk": 511.0,
        "ess_tail": 475.0,
        "mcse_mean": 0.001
      },
      "choice_probs[2]": {
        "rhat": 1.01,
        "ess_bulk": 483.0,
        "ess_tail": 514.0,
        "mcse_mean": 0.001
      },
      "choice_probs[3]": {
        "rhat": 1.0,
        "ess_bulk": 659.0,
        "ess_tail": 464.0,
        "mcse_mean": 0.0
      },
      "rt_alpha": {
        "rhat": 1.01,
        "ess_bulk": 222.0,
        "ess_tail": 254.0,
        "mcse_mean": 0.009
      },
      "rt_beta": {
        "rhat": 1.01,
        "ess_bulk": 222.0,
        "ess_tail": 254.0,
        "mcse_mean": 0.009
      }
    }
  },
  "covariance_analysis": {
    "covariance_matrix": [
      [
        0.0030073984513008245,
        0.0013462088227511797,
        0.0075750370951469725,
        -5.865634492769484e-06,
        -0.0001779950795419095,
        -0.00047811075107852984,
        0.00040439706895266196,
        0.0002517087616677771,
        -5.865634492769345e-06,
        -5.865634492769484e-06
      ],
      [
        0.0013462088227511797,
        0.004002138395968097,
        0.011858614457823002,
        -0.0005750370284500972,
        -9.047271902487757e-05,
        0.00017068681398583728,
        -0.00017744568697559084,
        9.723159201463097e-05,
        -0.0005750370284500972,
        -0.0005750370284500972
      ],
      [
        0.0075750370951469725,
        0.011858614457823002,
        0.06441904054799413,
        -0.002300895322061217,
        0.0008816016117999939,
        -0.0006157687447588984,
        0.0007584615289058941,
        -0.0010242943959469912,
        -0.0023008953220612165,
        -0.002300895322061217
      ],
      [
        -5.865634492769484e-06,
        -0.0005750370284500972,
        -0.002300895322061217,
        0.016891065104776695,
        -8.300395970624868e-05,
        -4.936489826771875e-05,
        2.4847831905072266e-05,
        0.00010752102606889516,
        0.01689106510477669,
        0.016891065104776695
      ],
      [
        -0.0001779950795419095,
        -9.047271902487757e-05,
        0.0008816016117999939,
        -8.300395970624868e-05,
        0.00010057177855352567,
        5.351167306446698e-06,
        1.7075166859049884e-05,
        -0.00012299811271902235,
        -8.300395970624871e-05,
        -8.300395970624868e-05
      ],
      [
        -0.00047811075107852984,
        0.00017068681398583728,
        -0.0006157687447588984,
        -4.936489826771875e-05,
        5.351167306446698e-06,
        0.00014065330902952216,
        -0.00012832488214777646,
        -1.7679594188192357e-05,
        -4.936489826771875e-05,
        -4.936489826771875e-05
      ],
      [
        0.00040439706895266196,
        -0.00017744568697559084,
        0.0007584615289058941,
        2.4847831905072266e-05,
        1.7075166859049884e-05,
        -0.00012832488214777646,
        0.00012218100876625567,
        -1.0931293477529099e-05,
        2.4847831905072252e-05,
        2.4847831905072266e-05
      ],
      [
        0.0002517087616677771,
        9.723159201463097e-05,
        -0.0010242943959469912,
        0.00010752102606889516,
        -0.00012299811271902235,
        -1.7679594188192357e-05,
        -1.0931293477529099e-05,
        0.00015160900038474384,
        0.00010752102606889516,
        0.00010752102606889516
      ],
      [
        -5.865634492769345e-06,
        -0.0005750370284500972,
        -0.0023008953220612165,
        0.01689106510477669,
        -8.300395970624871e-05,
        -4.936489826771875e-05,
        2.4847831905072252e-05,
        0.00010752102606889516,
        0.016891065104776695,
        0.016891065104776695
      ],
      [
        -5.865634492769484e-06,
        -0.0005750370284500972,
        -0.002300895322061217,
        0.016891065104776695,
        -8.300395970624868e-05,
        -4.936489826771875e-05,
        2.4847831905072266e-05,
        0.00010752102606889516,
        0.016891065104776695,
        0.016891065104776695
      ]
    ],
    "correlation_matrix": [
      [
        1.0,
        0.3880349958983548,
        0.5442295913784226,
        -0.0008229832445896624,
        -0.3236491314212925,
        -0.7351196754601587,
        0.6671302907912094,
        0.3727694861662288,
        -0.0008229832445896429,
        -0.0008229832445896624
      ],
      [
        0.3880349958983548,
        1.0,
        0.7385514791375278,
        -0.06993929365938452,
        -0.14260459712519158,
        0.22749871278436787,
        -0.2537567148043861,
        0.1248242177850923,
        -0.06993929365938452,
        -0.06993929365938452
      ],
      [
        0.5442295913784226,
        0.7385514791375278,
        1.0,
        -0.06975273117298382,
        0.3463595639371417,
        -0.20456698205465948,
        0.2703488819324003,
        -0.32775941696738153,
        -0.0697527311729838,
        -0.06975273117298382
      ],
      [
        -0.0008229832445896625,
        -0.06993929365938453,
        -0.0697527311729838,
        0.9999999999999998,
        -0.06368427774279876,
        -0.032026888769346534,
        0.017296495938956068,
        0.0671896517498926,
        0.9999999999999996,
        0.9999999999999998
      ],
      [
        -0.3236491314212925,
        -0.14260459712519158,
        0.34635956393714173,
        -0.06368427774279876,
        0.9999999999999998,
        0.04499201951890235,
        0.1540369950575603,
        -0.9960884178673091,
        -0.06368427774279878,
        -0.06368427774279876
      ],
      [
        -0.7351196754601587,
        0.22749871278436787,
        -0.20456698205465945,
        -0.032026888769346534,
        0.04499201951890235,
        0.9999999999999999,
        -0.9788903425183436,
        -0.12106952068556624,
        -0.032026888769346534,
        -0.032026888769346534
      ],
      [
        0.6671302907912094,
        -0.25375671480438605,
        0.2703488819324003,
        0.017296495938956068,
        0.1540369950575603,
        -0.9788903425183435,
        0.9999999999999999,
        -0.08031695014819588,
        0.017296495938956057,
        0.017296495938956068
      ],
      [
        0.3727694861662288,
        0.1248242177850923,
        -0.32775941696738153,
        0.06718965174989258,
        -0.996088417867309,
        -0.12106952068556626,
        -0.08031695014819588,
        1.0,
        0.06718965174989258,
        0.06718965174989258
      ],
      [
        -0.000822983244589643,
        -0.06993929365938453,
        -0.06975273117298379,
        0.9999999999999996,
        -0.06368427774279878,
        -0.032026888769346534,
        0.017296495938956057,
        0.0671896517498926,
        0.9999999999999998,
        0.9999999999999998
      ],
      [
        -0.0008229832445896625,
        -0.06993929365938453,
        -0.0697527311729838,
        0.9999999999999998,
        -0.06368427774279876,
        -0.032026888769346534,
        0.017296495938956068,
        0.0671896517498926,
        0.9999999999999998,
        0.9999999999999998
      ]
    ],
    "standard_deviations": [
      0.05481232573837318,
      0.0632308173090633,
      0.2536821268979077,
      0.12990063140597854,
      0.010023532649469053,
      0.011853803428456738,
      0.01104802370369875,
      0.012306802646681185,
      0.12990063140597854,
      0.12990063140597854
    ],
    "parameter_names": [
      "db1",
      "db2",
      "sp",
      "base_v",
      "choice_probs[0]",
      "choice_probs[1]",
      "choice_probs[2]",
      "choice_probs[3]",
      "rt_alpha",
      "rt_beta"
    ],
    "matrix_shape": [
      10,
      10
    ],
    "n_samples": 1000
  }
}