{
  "metadata": {
    "analysis_type": "GRT-LBA",
    "extraction_timestamp": "2025-06-15T07:13:52.008516",
    "subject_id": 44
  },
  "parameter_estimates": {
    "subject_id": 44,
    "parameters": {
      "db1": {
        "mean": 0.4839499560431923,
        "std": 0.06779659062434895,
        "median": 0.48690605818135446,
        "q025": 0.3370954348559468,
        "q975": 0.6185158193835497,
        "shape": [
          2,
          500
        ]
      },
      "db2": {
        "mean": 0.6668992988401351,
        "std": 0.07127517017768968,
        "median": 0.6618029286938925,
        "q025": 0.5433248119800272,
        "q975": 0.7943378859008328,
        "shape": [
          2,
          500
        ]
      },
      "sp": {
        "mean": 0.9214185693227035,
        "std": 0.37444083074155093,
        "median": 0.8650758384347045,
        "q025": 0.3902952441174231,
        "q975": 1.8255091231447451,
        "shape": [
          2,
          500
        ]
      },
      "base_v": {
        "mean": 3.749553463284495,
        "std": 0.16952310368640502,
        "median": 3.7479467437407075,
        "q025": 3.4056975014496054,
        "q975": 4.087664639219138,
        "shape": [
          2,
          500
        ]
      },
      "choice_probs": {
        "mean": 0.25,
        "std": 0.026125004596941722,
        "median": 0.24938393947614734,
        "q025": 0.2089107806661546,
        "q975": 0.29340956978820415,
        "shape": [
          2,
          500,
          4
        ],
        "elements": [
          {
            "index": 0,
            "mean": 0.22860887351648998,
            "std": 0.011050590803189814,
            "median": 0.22912780689141138,
            "q025": 0.206492500925643,
            "q975": 0.24957427606868063
          },
          {
            "index": 1,
            "mean": 0.27568398408835126,
            "std": 0.01207314528652989,
            "median": 0.2756613708982757,
            "q025": 0.2523286949678241,
            "q975": 0.30103245528824973
          },
          {
            "index": 2,
            "mean": 0.2247114517542468,
            "std": 0.010854082344509035,
            "median": 0.22459516450540068,
            "q025": 0.20263534902234892,
            "q975": 0.246515828423277
          },
          {
            "index": 3,
            "mean": 0.2709956906409119,
            "std": 0.012116061004280768,
            "median": 0.27018437620525315,
            "q025": 0.24880996777246323,
            "q975": 0.29526559630685617
          }
        ]
      },
      "rt_alpha": {
        "mean": 4.749553463284496,
        "std": 0.16952310368640502,
        "median": 4.747946743740708,
        "q025": 4.405697501449605,
        "q975": 5.087664639219138,
        "shape": [
          2,
          500
        ]
      },
      "rt_beta": {
        "mean": 3.749553463284495,
        "std": 0.16952310368640502,
        "median": 3.7479467437407075,
        "q025": 3.4056975014496054,
        "q975": 4.087664639219138,
        "shape": [
          2,
          500
        ]
      }
    },
    "statistics": {},
    "diagnostics": {
      "db1": {
        "rhat": 1.01,
        "ess_bulk": 588.0,
        "ess_tail": 395.0,
        "mcse_mean": 0.003
      },
      "db2": {
        "rhat": 1.01,
        "ess_bulk": 220.0,
        "ess_tail": 266.0,
        "mcse_mean": 0.005
      },
      "sp": {
        "rhat": 1.01,
        "ess_bulk": 236.0,
        "ess_tail": 360.0,
        "mcse_mean": 0.025
      },
      "base_v": {
        "rhat": 1.0,
        "ess_bulk": 587.0,
        "ess_tail": 597.0,
        "mcse_mean": 0.007
      },
      "choice_probs[0]": {
        "rhat": 1.0,
        "ess_bulk": 951.0,
        "ess_tail": 760.0,
        "mcse_mean": 0.0
      },
      "choice_probs[1]": {
        "rhat": 1.0,
        "ess_bulk": 757.0,
        "ess_tail": 542.0,
        "mcse_mean": 0.0
      },
      "choice_probs[2]": {
        "rhat": 1.0,
        "ess_bulk": 789.0,
        "ess_tail": 524.0,
        "mcse_mean": 0.0
      },
      "choice_probs[3]": {
        "rhat": 1.0,
        "ess_bulk": 897.0,
        "ess_tail": 776.0,
        "mcse_mean": 0.0
      },
      "rt_alpha": {
        "rhat": 1.0,
        "ess_bulk": 587.0,
        "ess_tail": 597.0,
        "mcse_mean": 0.007
      },
      "rt_beta": {
        "rhat": 1.0,
        "ess_bulk": 587.0,
        "ess_tail": 597.0,
        "mcse_mean": 0.007
      }
    }
  },
  "covariance_analysis": {
    "covariance_matrix": [
      [
        0.004600978678964525,
        -0.00040863127744815024,
        -0.00210889135007878,
        0.00020945850093783487,
        -0.0004819699018038779,
        -0.0005632597412367305,
        0.0004674260433449366,
        0.0005778035996956719,
        0.00020945850093783517,
        0.00020945850093783487
      ],
      [
        -0.00040863127744815024,
        0.005085235118977601,
        0.01710220849394362,
        0.0002257760513734437,
        -0.00029372505412508,
        0.00031371183785252184,
        -0.000306217407883949,
        0.0002862306241565074,
        0.00022577605137344268,
        0.0002257760513734437
      ],
      [
        -0.00210889135007878,
        0.01710220849394362,
        0.1403462820084313,
        0.0008004722603656906,
        0.0007458139558894211,
        -0.0006932921935478209,
        0.000695842675450661,
        -0.0007483644377922612,
        0.0008004722603656921,
        0.0008004722603656906
      ],
      [
        0.00020945850093783487,
        0.0002257760513734437,
        0.0008004722603656906,
        0.02876684953300463,
        -2.321661910056992e-05,
        -2.685888839557686e-05,
        1.8965557009259465e-05,
        3.110995048688742e-05,
        0.028766849533004624,
        0.02876684953300463
      ],
      [
        -0.0004819699018038779,
        -0.00029372505412508,
        0.0007458139558894211,
        -2.321661910056992e-05,
        0.00012223779489443774,
        4.6178083384757806e-06,
        6.324191481663084e-06,
        -0.0001331797947145766,
        -2.3216619100569888e-05,
        -2.321661910056992e-05
      ],
      [
        -0.0005632597412367305,
        0.00031371183785252184,
        -0.0006932921935478209,
        -2.685888839557686e-05,
        4.6178083384757806e-06,
        0.00014590674385351249,
        -0.00013050584541129603,
        -2.0018706780692255e-05,
        -2.685888839557697e-05,
        -2.685888839557686e-05
      ],
      [
        0.0004674260433449366,
        -0.000306217407883949,
        0.000695842675450661,
        1.8965557009259465e-05,
        6.324191481663084e-06,
        -0.00013050584541129603,
        0.0001179290325739567,
        6.2526213556762446e-06,
        1.8965557009259587e-05,
        1.8965557009259465e-05
      ],
      [
        0.0005778035996956719,
        0.0002862306241565074,
        -0.0007483644377922612,
        3.110995048688742e-05,
        -0.0001331797947145766,
        -2.0018706780692255e-05,
        6.2526213556762446e-06,
        0.00014694588013959266,
        3.1109950486887435e-05,
        3.110995048688742e-05
      ],
      [
        0.00020945850093783517,
        0.00022577605137344268,
        0.0008004722603656921,
        0.028766849533004624,
        -2.3216619100569888e-05,
        -2.685888839557697e-05,
        1.8965557009259587e-05,
        3.1109950486887435e-05,
        0.028766849533004634,
        0.028766849533004634
      ],
      [
        0.00020945850093783487,
        0.0002257760513734437,
        0.0008004722603656906,
        0.02876684953300463,
        -2.321661910056992e-05,
        -2.685888839557686e-05,
        1.8965557009259465e-05,
        3.110995048688742e-05,
        0.028766849533004634,
        0.02876684953300463
      ]
    ],
    "correlation_matrix": [
      [
        0.9999999999999998,
        -0.08447943024040971,
        -0.08299054930350237,
        0.018206511080882434,
        -0.6426759590928407,
        -0.6874576009673318,
        0.6345669189000516,
        0.7027104719875333,
        0.018206511080882462,
        0.018206511080882434
      ],
      [
        -0.08447943024040971,
        1.0,
        0.6401713321112633,
        0.018667072046766254,
        -0.37254841520185283,
        0.3641981248708426,
        -0.395424877881056,
        0.3311172996154506,
        0.01866707204676617,
        0.018667072046766254
      ],
      [
        -0.08299054930350237,
        0.6401713321112633,
        1.0,
        0.01259794417597848,
        0.18006416702729136,
        -0.1532068457375958,
        0.1710410036382472,
        -0.16479118566062229,
        0.012597944175978502,
        0.01259794417597848
      ],
      [
        0.018206511080882434,
        0.018667072046766254,
        0.01259794417597848,
        0.9999999999999999,
        -0.01238083888241243,
        -0.013110045560472215,
        0.010296961370115536,
        0.015131237980737606,
        0.9999999999999997,
        0.9999999999999999
      ],
      [
        -0.6426759590928407,
        -0.37254841520185283,
        0.18006416702729136,
        -0.012380838882412428,
        1.0,
        0.03457764947503145,
        0.052673465144355815,
        -0.9937036395543256,
        -0.012380838882412412,
        -0.012380838882412428
      ],
      [
        -0.6874576009673318,
        0.3641981248708426,
        -0.1532068457375958,
        -0.013110045560472213,
        0.03457764947503145,
        1.0,
        -0.9949056876441948,
        -0.1367160897026577,
        -0.013110045560472267,
        -0.013110045560472213
      ],
      [
        0.6345669189000515,
        -0.39542487788105607,
        0.1710410036382472,
        0.010296961370115536,
        0.05267346514435582,
        -0.9949056876441948,
        1.0,
        0.04749775187782349,
        0.010296961370115602,
        0.010296961370115536
      ],
      [
        0.7027104719875333,
        0.33111729961545056,
        -0.16479118566062229,
        0.015131237980737604,
        -0.9937036395543258,
        -0.1367160897026577,
        0.0474977518778235,
        1.0,
        0.015131237980737613,
        0.015131237980737604
      ],
      [
        0.018206511080882462,
        0.01866707204676617,
        0.012597944175978506,
        0.9999999999999997,
        -0.012380838882412412,
        -0.013110045560472268,
        0.010296961370115603,
        0.015131237980737613,
        1.0,
        1.0
      ],
      [
        0.018206511080882434,
        0.018667072046766254,
        0.01259794417597848,
        0.9999999999999999,
        -0.01238083888241243,
        -0.013110045560472215,
        0.010296961370115536,
        0.015131237980737606,
        1.0,
        0.9999999999999999
      ]
    ],
    "standard_deviations": [
      0.06779659062434897,
      0.07127517017768971,
      0.37444083074155093,
      0.1695231036864052,
      0.011050590803189814,
      0.012073145286529887,
      0.010854082344509033,
      0.01211606100428077,
      0.16952310368640514,
      0.1695231036864052
    ],
    "parameter_names": [
      "db1",
      "db2",
      "sp",
      "base_v",
      "choice_probs[0]",
      "choice_probs[1]",
      "choice_probs[2]",
      "choice_probs[3]",
      "rt_alpha",
      "rt_beta"
    ],
    "matrix_shape": [
      10,
      10
    ],
    "n_samples": 1000
  }
}