{
  "metadata": {
    "analysis_type": "GRT-LBA",
    "extraction_timestamp": "2025-06-15T07:13:51.229598",
    "subject_id": 35
  },
  "parameter_estimates": {
    "subject_id": 35,
    "parameters": {
      "db1": {
        "mean": 0.6571924113975762,
        "std": 0.033615681036906195,
        "median": 0.6581261673500834,
        "q025": 0.5939143251903819,
        "q975": 0.719641657322086,
        "shape": [
          2,
          500
        ]
      },
      "db2": {
        "mean": 0.7384522490172151,
        "std": 0.043557439506378276,
        "median": 0.7450813921100584,
        "q025": 0.6494675518627024,
        "q975": 0.7980032463209721,
        "shape": [
          2,
          500
        ]
      },
      "sp": {
        "mean": 0.2517835719855191,
        "std": 0.04710759840897031,
        "median": 0.2582292643475249,
        "q025": 0.160449960804836,
        "q975": 0.33277672429568417,
        "shape": [
          2,
          500
        ]
      },
      "base_v": {
        "mean": 2.7242617887368965,
        "std": 0.1308778078312735,
        "median": 2.7140646981467156,
        "q025": 2.4792497223116445,
        "q975": 2.9988834729098524,
        "shape": [
          2,
          500
        ]
      },
      "choice_probs": {
        "mean": 0.25,
        "std": 0.13844347268782606,
        "median": 0.21294977723683972,
        "q025": 0.08878981763860957,
        "q975": 0.48867205053021306,
        "shape": [
          2,
          500,
          4
        ],
        "elements": [
          {
            "index": 0,
            "mean": 0.09734560071983506,
            "std": 0.006778374981545145,
            "median": 0.09718010987922925,
            "q025": 0.08453396159801445,
            "q975": 0.11028443368613107
          },
          {
            "index": 1,
            "mean": 0.2514755749983128,
            "std": 0.012683631362091665,
            "median": 0.251416416400429,
            "q025": 0.22635844959458312,
            "q975": 0.2764114230094595
          },
          {
            "index": 2,
            "mean": 0.18172958220020927,
            "std": 0.010576723799346365,
            "median": 0.18130698917318372,
            "q025": 0.16091526513619633,
            "q975": 0.2024848484767394
          },
          {
            "index": 3,
            "mean": 0.46944924208164285,
            "std": 0.014944223743061952,
            "median": 0.46923673488909073,
            "q025": 0.44098657417643744,
            "q975": 0.4985662428906038
          }
        ]
      },
      "rt_alpha": {
        "mean": 3.7242617887368965,
        "std": 0.1308778078312735,
        "median": 3.7140646981467156,
        "q025": 3.4792497223116445,
        "q975": 3.9988834729098524,
        "shape": [
          2,
          500
        ]
      },
      "rt_beta": {
        "mean": 2.7242617887368965,
        "std": 0.1308778078312735,
        "median": 2.7140646981467156,
        "q025": 2.4792497223116445,
        "q975": 2.9988834729098524,
        "shape": [
          2,
          500
        ]
      }
    },
    "statistics": {},
    "diagnostics": {
      "db1": {
        "rhat": 1.03,
        "ess_bulk": 78.0,
        "ess_tail": 34.0,
        "mcse_mean": 0.004
      },
      "db2": {
        "rhat": 1.04,
        "ess_bulk": 71.0,
        "ess_tail": 18.0,
        "mcse_mean": 0.005
      },
      "sp": {
        "rhat": 1.04,
        "ess_bulk": 67.0,
        "ess_tail": 16.0,
        "mcse_mean": 0.006
      },
      "base_v": {
        "rhat": 1.03,
        "ess_bulk": 134.0,
        "ess_tail": 246.0,
        "mcse_mean": 0.011
      },
      "choice_probs[0]": {
        "rhat": 1.0,
        "ess_bulk": 589.0,
        "ess_tail": 642.0,
        "mcse_mean": 0.0
      },
      "choice_probs[1]": {
        "rhat": 1.01,
        "ess_bulk": 720.0,
        "ess_tail": 550.0,
        "mcse_mean": 0.0
      },
      "choice_probs[2]": {
        "rhat": 1.0,
        "ess_bulk": 886.0,
        "ess_tail": 947.0,
        "mcse_mean": 0.0
      },
      "choice_probs[3]": {
        "rhat": 1.0,
        "ess_bulk": 589.0,
        "ess_tail": 579.0,
        "mcse_mean": 0.001
      },
      "rt_alpha": {
        "rhat": 1.03,
        "ess_bulk": 134.0,
        "ess_tail": 246.0,
        "mcse_mean": 0.011
      },
      "rt_beta": {
        "rhat": 1.03,
        "ess_bulk": 134.0,
        "ess_tail": 246.0,
        "mcse_mean": 0.011
      }
    }
  },
  "covariance_analysis": {
    "covariance_matrix": [
      [
        0.001131145156731747,
        0.001126492469328509,
        0.0013398444883898188,
        0.0005121714437797574,
        -3.719345985327262e-05,
        -0.00022293260688395302,
        0.00013782445120327563,
        0.0001223016155339499,
        0.0005121714437797576,
        0.0005121714437797574
      ],
      [
        0.001126492469328509,
        0.0018991496860378408,
        0.0018731353816970294,
        0.0007266849440140094,
        -2.9933491871949146e-05,
        6.656022523106705e-05,
        -8.556249049987847e-05,
        4.893575714076048e-05,
        0.0007266849440140091,
        0.0007266849440140094
      ],
      [
        0.0013398444883898188,
        0.0018731353816970294,
        0.0022213471750358567,
        0.0007577602631556996,
        6.675114354244984e-05,
        -2.9065599796686917e-05,
        9.360313109200309e-05,
        -0.00013128867483776604,
        0.0007577602631557,
        0.0007577602631556996
      ],
      [
        0.0005121714437797574,
        0.0007266849440140094,
        0.0007577602631556996,
        0.017146146729449203,
        -1.165416994782528e-05,
        -9.026846201488242e-06,
        -6.8368146990767806e-06,
        2.7517830848390353e-05,
        0.017146146729449196,
        0.017146146729449203
      ],
      [
        -3.719345985327262e-05,
        -2.9933491871949146e-05,
        6.675114354244984e-05,
        -1.165416994782528e-05,
        4.599235975018732e-05,
        2.483145224032987e-05,
        2.9065827908772324e-05,
        -9.98896398992895e-05,
        -1.1654169947825273e-05,
        -1.165416994782528e-05
      ],
      [
        -0.00022293260688395302,
        6.656022523106705e-05,
        -2.9065599796686917e-05,
        -9.026846201488242e-06,
        2.483145224032987e-05,
        0.0001610355400695048,
        -0.00010162407442579674,
        -8.424291788403782e-05,
        -9.026846201488271e-06,
        -9.026846201488242e-06
      ],
      [
        0.00013782445120327563,
        -8.556249049987847e-05,
        9.360313109200309e-05,
        -6.8368146990767806e-06,
        2.9065827908772324e-05,
        -0.00010162407442579674,
        0.00011197906539305288,
        -3.942081887602848e-05,
        -6.8368146990767424e-06,
        -6.8368146990767806e-06
      ],
      [
        0.0001223016155339499,
        4.893575714076048e-05,
        -0.00013128867483776604,
        2.7517830848390353e-05,
        -9.98896398992895e-05,
        -8.424291788403782e-05,
        -3.942081887602848e-05,
        0.0002235533766593558,
        2.751783084839034e-05,
        2.7517830848390353e-05
      ],
      [
        0.0005121714437797576,
        0.0007266849440140091,
        0.0007577602631557,
        0.017146146729449196,
        -1.1654169947825273e-05,
        -9.026846201488271e-06,
        -6.8368146990767424e-06,
        2.751783084839034e-05,
        0.0171461467294492,
        0.0171461467294492
      ],
      [
        0.0005121714437797574,
        0.0007266849440140094,
        0.0007577602631556996,
        0.017146146729449203,
        -1.165416994782528e-05,
        -9.026846201488242e-06,
        -6.8368146990767806e-06,
        2.7517830848390353e-05,
        0.0171461467294492,
        0.017146146729449203
      ]
    ],
    "correlation_matrix": [
      [
        0.9999999999999998,
        0.7685807884931335,
        0.8452535510392555,
        0.11629818112411558,
        -0.16306642994572657,
        -0.5223403278437558,
        0.38725647010191727,
        0.24321054821652363,
        0.11629818112411565,
        0.11629818112411558
      ],
      [
        0.7685807884931334,
        1.0,
        0.9119716742155,
        0.12734541008105574,
        -0.10128262245577262,
        0.12035782135334572,
        -0.18553908051620918,
        0.07510279452653842,
        0.1273454100810557,
        0.12734541008105574
      ],
      [
        0.8452535510392554,
        0.9119716742155,
        1.0,
        0.12278359338668732,
        0.20883709525066957,
        -0.048597083066894094,
        0.18767816014152208,
        -0.1863066804691845,
        0.12278359338668743,
        0.12278359338668732
      ],
      [
        0.11629818112411558,
        0.12734541008105574,
        0.12278359338668732,
        1.0,
        -0.013123667923797225,
        -0.005432402095116847,
        -0.004934033820234285,
        0.014055306213991795,
        0.9999999999999998,
        1.0
      ],
      [
        -0.16306642994572657,
        -0.10128262245577262,
        0.2088370952506696,
        -0.013123667923797223,
        1.0,
        0.288534936527896,
        0.40501530254894785,
        -0.9851151183381603,
        -0.01312366792379722,
        -0.013123667923797223
      ],
      [
        -0.5223403278437558,
        0.12035782135334572,
        -0.0485970830668941,
        -0.005432402095116847,
        0.288534936527896,
        0.9999999999999999,
        -0.7567759411699941,
        -0.4439989231618089,
        -0.005432402095116865,
        -0.005432402095116847
      ],
      [
        0.3872564701019172,
        -0.18553908051620918,
        0.1876781601415221,
        -0.004934033820234285,
        0.40501530254894785,
        -0.7567759411699941,
        1.0,
        -0.24915327793560083,
        -0.004934033820234259,
        -0.004934033820234285
      ],
      [
        0.24321054821652363,
        0.07510279452653844,
        -0.18630668046918447,
        0.014055306213991795,
        -0.9851151183381603,
        -0.4439989231618089,
        -0.24915327793560083,
        0.9999999999999999,
        0.014055306213991791,
        0.014055306213991795
      ],
      [
        0.11629818112411565,
        0.1273454100810557,
        0.12278359338668741,
        0.9999999999999998,
        -0.013123667923797218,
        -0.005432402095116865,
        -0.004934033820234259,
        0.014055306213991791,
        1.0,
        1.0
      ],
      [
        0.11629818112411558,
        0.12734541008105574,
        0.12278359338668732,
        1.0,
        -0.013123667923797225,
        -0.005432402095116847,
        -0.004934033820234285,
        0.014055306213991795,
        1.0,
        1.0
      ]
    ],
    "standard_deviations": [
      0.03361568103690619,
      0.04355743950637829,
      0.047107598408970296,
      0.13087780783127342,
      0.006778374981545132,
      0.012683631362091663,
      0.01057672379934637,
      0.014944223743061969,
      0.13087780783127345,
      0.13087780783127342
    ],
    "parameter_names": [
      "db1",
      "db2",
      "sp",
      "base_v",
      "choice_probs[0]",
      "choice_probs[1]",
      "choice_probs[2]",
      "choice_probs[3]",
      "rt_alpha",
      "rt_beta"
    ],
    "matrix_shape": [
      10,
      10
    ],
    "n_samples": 1000
  }
}