{
  "metadata": {
    "analysis_type": "GRT-LBA",
    "extraction_timestamp": "2025-06-15T07:13:52.341247",
    "subject_id": 48
  },
  "parameter_estimates": {
    "subject_id": 48,
    "parameters": {
      "db1": {
        "mean": 0.3931048613295736,
        "std": 0.05605136858610908,
        "median": 0.40117635257750617,
        "q025": 0.24772357146415838,
        "q975": 0.4759415874760848,
        "shape": [
          2,
          500
        ]
      },
      "db2": {
        "mean": 0.7209832067504971,
        "std": 0.05695494419838309,
        "median": 0.7289537099212254,
        "q025": 0.6026331819939346,
        "q975": 0.7981267869195063,
        "shape": [
          2,
          500
        ]
      },
      "sp": {
        "mean": 0.6178723317256563,
        "std": 0.19187862482283072,
        "median": 0.6075999266651393,
        "q025": 0.3053118195732981,
        "q975": 1.030077214495836,
        "shape": [
          2,
          500
        ]
      },
      "base_v": {
        "mean": 5.809700359868782,
        "std": 0.28392702988171037,
        "median": 5.80027441249228,
        "q025": 5.285031369681483,
        "q975": 6.397182872439361,
        "shape": [
          2,
          500
        ]
      },
      "choice_probs": {
        "mean": 0.25,
        "std": 0.051855479163277374,
        "median": 0.24525583759124397,
        "q025": 0.17530540968433778,
        "q975": 0.33676541239068725,
        "shape": [
          2,
          500,
          4
        ],
        "elements": [
          {
            "index": 0,
            "mean": 0.22231271848575107,
            "std": 0.011633615178369576,
            "median": 0.22218078971150687,
            "q025": 0.19993202676466798,
            "q975": 0.24599272561915816
          },
          {
            "index": 1,
            "mean": 0.32099427454085266,
            "std": 0.01290524514140368,
            "median": 0.32151055768268855,
            "q025": 0.29397680128405757,
            "q975": 0.34610341252761434
          },
          {
            "index": 2,
            "mean": 0.18683674888527002,
            "std": 0.009857205001592047,
            "median": 0.18615877282933965,
            "q025": 0.168433248890427,
            "q975": 0.20853091475690005
          },
          {
            "index": 3,
            "mean": 0.2698562580881262,
            "std": 0.01289465704913878,
            "median": 0.2702731093808568,
            "q025": 0.24446308258602795,
            "q975": 0.29529200299807046
          }
        ]
      },
      "rt_alpha": {
        "mean": 6.809700359868781,
        "std": 0.28392702988171037,
        "median": 6.80027441249228,
        "q025": 6.285031369681483,
        "q975": 7.397182872439361,
        "shape": [
          2,
          500
        ]
      },
      "rt_beta": {
        "mean": 5.809700359868782,
        "std": 0.28392702988171037,
        "median": 5.80027441249228,
        "q025": 5.285031369681483,
        "q975": 6.397182872439361,
        "shape": [
          2,
          500
        ]
      }
    },
    "statistics": {},
    "diagnostics": {
      "db1": {
        "rhat": 1.01,
        "ess_bulk": 273.0,
        "ess_tail": 232.0,
        "mcse_mean": 0.004
      },
      "db2": {
        "rhat": 1.01,
        "ess_bulk": 159.0,
        "ess_tail": 155.0,
        "mcse_mean": 0.004
      },
      "sp": {
        "rhat": 1.01,
        "ess_bulk": 163.0,
        "ess_tail": 132.0,
        "mcse_mean": 0.014
      },
      "base_v": {
        "rhat": 1.0,
        "ess_bulk": 476.0,
        "ess_tail": 353.0,
        "mcse_mean": 0.013
      },
      "choice_probs[0]": {
        "rhat": 1.0,
        "ess_bulk": 540.0,
        "ess_tail": 308.0,
        "mcse_mean": 0.001
      },
      "choice_probs[1]": {
        "rhat": 1.0,
        "ess_bulk": 853.0,
        "ess_tail": 617.0,
        "mcse_mean": 0.0
      },
      "choice_probs[2]": {
        "rhat": 1.0,
        "ess_bulk": 905.0,
        "ess_tail": 590.0,
        "mcse_mean": 0.0
      },
      "choice_probs[3]": {
        "rhat": 1.0,
        "ess_bulk": 541.0,
        "ess_tail": 413.0,
        "mcse_mean": 0.001
      },
      "rt_alpha": {
        "rhat": 1.0,
        "ess_bulk": 476.0,
        "ess_tail": 353.0,
        "mcse_mean": 0.013
      },
      "rt_beta": {
        "rhat": 1.0,
        "ess_bulk": 476.0,
        "ess_tail": 353.0,
        "mcse_mean": 0.013
      }
    }
  },
  "covariance_analysis": {
    "covariance_matrix": [
      [
        0.003144900821197053,
        -0.001271188181527912,
        -0.006114258112355606,
        0.0017229155396247943,
        -0.0004699205797103833,
        -0.0002645616563367116,
        0.00016415280903354243,
        0.0005703294270135526,
        0.0017229155396247943,
        0.0017229155396247943
      ],
      [
        -0.001271188181527912,
        0.003247112781422354,
        0.008447028811763024,
        -0.00051181475002665,
        -0.00010577534366594083,
        1.651677862639641e-05,
        -2.0548876089233207e-05,
        0.00010980744112877793,
        -0.0005118147500266496,
        -0.00051181475002665
      ],
      [
        -0.006114258112355606,
        0.008447028811763024,
        0.03685426092482546,
        -0.004286815086821712,
        0.000775301242947374,
        -0.0009085020824459315,
        0.0007556707055102757,
        -0.0006224698660117166,
        -0.004286815086821713,
        -0.004286815086821712
      ],
      [
        0.0017229155396247943,
        -0.00051181475002665,
        -0.004286815086821712,
        0.08069525355100064,
        -0.00030286428503973397,
        -4.464771135172565e-05,
        -2.6544057230692264e-07,
        0.00034777743696376683,
        0.08069525355100066,
        0.08069525355100064
      ],
      [
        -0.0004699205797103833,
        -0.00010577534366594083,
        0.000775301242947374,
        -0.00030286428503973397,
        0.00013547647859698798,
        -4.41018830908551e-06,
        1.4456760644026911e-05,
        -0.00014552305093192938,
        -0.000302864285039734,
        -0.00030286428503973397
      ],
      [
        -0.0002645616563367116,
        1.651677862639641e-05,
        -0.0009085020824459315,
        -4.464771135172565e-05,
        -4.41018830908551e-06,
        0.00016671206422394722,
        -0.00012655241032624324,
        -3.5749465588618494e-05,
        -4.4647711351725674e-05,
        -4.464771135172565e-05
      ],
      [
        0.00016415280903354243,
        -2.0548876089233207e-05,
        0.0007556707055102757,
        -2.6544057230692264e-07,
        1.4456760644026911e-05,
        -0.00012655241032624324,
        9.726175219560688e-05,
        1.483389748660952e-05,
        -2.654405723068601e-07,
        -2.6544057230692264e-07
      ],
      [
        0.0005703294270135526,
        0.00010980744112877793,
        -0.0006224698660117166,
        0.00034777743696376683,
        -0.00014552305093192938,
        -3.5749465588618494e-05,
        1.483389748660952e-05,
        0.00016643861903393838,
        0.0003477774369637667,
        0.00034777743696376683
      ],
      [
        0.0017229155396247943,
        -0.0005118147500266496,
        -0.004286815086821713,
        0.08069525355100066,
        -0.000302864285039734,
        -4.4647711351725674e-05,
        -2.654405723068601e-07,
        0.0003477774369637667,
        0.08069525355100064,
        0.08069525355100066
      ],
      [
        0.0017229155396247943,
        -0.00051181475002665,
        -0.004286815086821712,
        0.08069525355100064,
        -0.00030286428503973397,
        -4.464771135172565e-05,
        -2.6544057230692264e-07,
        0.00034777743696376683,
        0.08069525355100066,
        0.08069525355100064
      ]
    ],
    "correlation_matrix": [
      [
        1.0,
        -0.3977935004984628,
        -0.5679321291305189,
        0.10815248830466295,
        -0.7199279558354608,
        -0.3653759095290509,
        0.29680676630686437,
        0.7883067611253962,
        0.10815248830466295,
        0.10815248830466295
      ],
      [
        -0.3977935004984628,
        0.9999999999999999,
        0.7721673529059476,
        -0.03161841649006912,
        -0.15947911194579725,
        0.02244880083602806,
        -0.03656523274490632,
        0.14936747268297057,
        -0.031618416490069086,
        -0.03161841649006912
      ],
      [
        -0.5679321291305188,
        0.7721673529059476,
        1.0,
        -0.07860802810731214,
        0.34697219799775,
        -0.3665207440293048,
        0.39913304819802925,
        -0.2513317915039678,
        -0.07860802810731216,
        -0.07860802810731214
      ],
      [
        0.10815248830466297,
        -0.03161841649006912,
        -0.07860802810731213,
        1.0,
        -0.09159929214126633,
        -0.012172833788092344,
        -9.474848297484941e-05,
        0.09489653505638904,
        1.0,
        1.0
      ],
      [
        -0.7199279558354608,
        -0.15947911194579725,
        0.34697219799775,
        -0.09159929214126634,
        1.0,
        -0.02934551052549362,
        0.125941249044504,
        -0.9691093631731206,
        -0.09159929214126636,
        -0.09159929214126634
      ],
      [
        -0.3653759095290509,
        0.02244880083602806,
        -0.3665207440293048,
        -0.012172833788092342,
        -0.029345510525493616,
        1.0,
        -0.9938386037736711,
        -0.21461446382779437,
        -0.012172833788092351,
        -0.012172833788092342
      ],
      [
        0.29680676630686437,
        -0.03656523274490632,
        0.39913304819802925,
        -9.474848297484941e-05,
        0.125941249044504,
        -0.993838603773671,
        1.0,
        0.11658889250807859,
        -9.47484829748271e-05,
        -9.474848297484941e-05
      ],
      [
        0.7883067611253961,
        0.14936747268297057,
        -0.2513317915039678,
        0.09489653505638904,
        -0.9691093631731206,
        -0.21461446382779434,
        0.1165888925080786,
        0.9999999999999999,
        0.09489653505638901,
        0.09489653505638904
      ],
      [
        0.10815248830466297,
        -0.03161841649006909,
        -0.07860802810731216,
        1.0,
        -0.09159929214126634,
        -0.012172833788092351,
        -9.47484829748271e-05,
        0.09489653505638901,
        1.0,
        1.0
      ],
      [
        0.10815248830466297,
        -0.03161841649006912,
        -0.07860802810731213,
        1.0,
        -0.09159929214126633,
        -0.012172833788092344,
        -9.474848297484941e-05,
        0.09489653505638904,
        1.0,
        1.0
      ]
    ],
    "standard_deviations": [
      0.05605136858610912,
      0.05695494419838312,
      0.1918786248228306,
      0.28392702988171054,
      0.01163361517836958,
      0.012905245141403683,
      0.009857205001592049,
      0.012894657049138789,
      0.2839270298817105,
      0.28392702988171054
    ],
    "parameter_names": [
      "db1",
      "db2",
      "sp",
      "base_v",
      "choice_probs[0]",
      "choice_probs[1]",
      "choice_probs[2]",
      "choice_probs[3]",
      "rt_alpha",
      "rt_beta"
    ],
    "matrix_shape": [
      10,
      10
    ],
    "n_samples": 1000
  }
}