{
  "metadata": {
    "analysis_type": "GRT-LBA",
    "extraction_timestamp": "2025-06-15T07:13:51.057247",
    "subject_id": 33
  },
  "parameter_estimates": {
    "subject_id": 33,
    "parameters": {
      "db1": {
        "mean": 0.5430446639708167,
        "std": 0.06937912401193252,
        "median": 0.5322398630325716,
        "q025": 0.41118206722317674,
        "q975": 0.6980933904464183,
        "shape": [
          2,
          500
        ]
      },
      "db2": {
        "mean": 0.5985873162134165,
        "std": 0.07481077871331133,
        "median": 0.5853300427861967,
        "q025": 0.4830438749178916,
        "q975": 0.7764304118886826,
        "shape": [
          2,
          500
        ]
      },
      "sp": {
        "mean": 0.9425688949826411,
        "std": 0.45219038225939046,
        "median": 0.8792912956115977,
        "q025": 0.22237775996732992,
        "q975": 2.0103049684852383,
        "shape": [
          2,
          500
        ]
      },
      "base_v": {
        "mean": 2.9249592381597997,
        "std": 0.13087556177751364,
        "median": 2.9213503279249453,
        "q025": 2.6741256004218545,
        "q975": 3.1966540049359278,
        "shape": [
          2,
          500
        ]
      },
      "choice_probs": {
        "mean": 0.25,
        "std": 0.01810899739443529,
        "median": 0.24958272524603017,
        "q025": 0.2169473956431482,
        "q975": 0.2848603464232537,
        "shape": [
          2,
          500,
          4
        ],
        "elements": [
          {
            "index": 0,
            "mean": 0.2314925931956272,
            "std": 0.010213689519466237,
            "median": 0.23131934070404453,
            "q025": 0.2118236506002626,
            "q975": 0.2525810016464512
          },
          {
            "index": 1,
            "mean": 0.2573581885085871,
            "std": 0.011689332510439434,
            "median": 0.25720923997676703,
            "q025": 0.23579185049952603,
            "q975": 0.28261210400151426
          },
          {
            "index": 2,
            "mean": 0.24208936507006626,
            "std": 0.011237739315707679,
            "median": 0.24193213541223796,
            "q025": 0.21841795875246778,
            "q975": 0.2625559254808473
          },
          {
            "index": 3,
            "mean": 0.26905985322571946,
            "std": 0.011044148619431033,
            "median": 0.26895375584127634,
            "q025": 0.24733780642086048,
            "q975": 0.29119940249360166
          }
        ]
      },
      "rt_alpha": {
        "mean": 3.9249592381597997,
        "std": 0.13087556177751364,
        "median": 3.9213503279249453,
        "q025": 3.6741256004218545,
        "q975": 4.196654004935928,
        "shape": [
          2,
          500
        ]
      },
      "rt_beta": {
        "mean": 2.9249592381597997,
        "std": 0.13087556177751364,
        "median": 2.9213503279249453,
        "q025": 2.6741256004218545,
        "q975": 3.1966540049359278,
        "shape": [
          2,
          500
        ]
      }
    },
    "statistics": {},
    "diagnostics": {
      "db1": {
        "rhat": 1.01,
        "ess_bulk": 528.0,
        "ess_tail": 376.0,
        "mcse_mean": 0.003
      },
      "db2": {
        "rhat": 1.0,
        "ess_bulk": 334.0,
        "ess_tail": 238.0,
        "mcse_mean": 0.004
      },
      "sp": {
        "rhat": 1.01,
        "ess_bulk": 150.0,
        "ess_tail": 47.0,
        "mcse_mean": 0.031
      },
      "base_v": {
        "rhat": 1.0,
        "ess_bulk": 499.0,
        "ess_tail": 468.0,
        "mcse_mean": 0.006
      },
      "choice_probs[0]": {
        "rhat": 1.0,
        "ess_bulk": 772.0,
        "ess_tail": 695.0,
        "mcse_mean": 0.0
      },
      "choice_probs[1]": {
        "rhat": 1.0,
        "ess_bulk": 839.0,
        "ess_tail": 634.0,
        "mcse_mean": 0.0
      },
      "choice_probs[2]": {
        "rhat": 1.0,
        "ess_bulk": 864.0,
        "ess_tail": 708.0,
        "mcse_mean": 0.0
      },
      "choice_probs[3]": {
        "rhat": 1.0,
        "ess_bulk": 773.0,
        "ess_tail": 676.0,
        "mcse_mean": 0.0
      },
      "rt_alpha": {
        "rhat": 1.0,
        "ess_bulk": 499.0,
        "ess_tail": 468.0,
        "mcse_mean": 0.006
      },
      "rt_beta": {
        "rhat": 1.0,
        "ess_bulk": 499.0,
        "ess_tail": 468.0,
        "mcse_mean": 0.006
      }
    }
  },
  "covariance_analysis": {
    "covariance_matrix": [
      [
        0.0048182811297929045,
        0.0006493264461810208,
        0.010223393192683448,
        7.038691926760781e-05,
        -0.0004305579791658232,
        -0.0005657758738865736,
        0.0005134414385006779,
        0.0004828924145517187,
        7.038691926760807e-05,
        7.038691926760781e-05
      ],
      [
        0.0006493264461810208,
        0.005602254866558595,
        0.019374341511071234,
        -9.519437866547866e-05,
        -0.0003825134355334281,
        0.00042686652720417715,
        -0.0004417994875900262,
        0.0003974463959192768,
        -9.519437866547864e-05,
        -9.519437866547866e-05
      ],
      [
        0.010223393192683448,
        0.019374341511071234,
        0.20468082263052415,
        -0.00027453186145049254,
        3.162673629385311e-05,
        -0.0002723305102016855,
        0.0002664458236276887,
        -2.574204971985731e-05,
        -0.0002745318614504894,
        -0.00027453186145049254
      ],
      [
        7.038691926760781e-05,
        -9.519437866547866e-05,
        -0.00027453186145049254,
        0.017145558228808592,
        -4.071352368472008e-06,
        -8.734520088420867e-06,
        4.968494654822036e-06,
        7.837377802070105e-06,
        0.017145558228808595,
        0.017145558228808592
      ],
      [
        -0.0004305579791658232,
        -0.0003825134355334281,
        3.162673629385311e-05,
        -4.071352368472008e-06,
        0.00010442387747753201,
        1.0837778884488966e-05,
        -2.545881700356698e-06,
        -0.00011271577466166428,
        -4.071352368472061e-06,
        -4.071352368472008e-06
      ],
      [
        -0.0005657758738865736,
        0.00042686652720417715,
        -0.0002723305102016855,
        -8.734520088420867e-06,
        1.0837778884488966e-05,
        0.00013677727181142773,
        -0.0001310514138705149,
        -1.6563636825401752e-05,
        -8.734520088420913e-06,
        -8.734520088420867e-06
      ],
      [
        0.0005134414385006779,
        -0.0004417994875900262,
        0.0002664458236276887,
        4.968494654822036e-06,
        -2.545881700356698e-06,
        -0.0001310514138705149,
        0.00012641319812592801,
        7.1840974449435905e-06,
        4.968494654822033e-06,
        4.968494654822036e-06
      ],
      [
        0.0004828924145517187,
        0.0003974463959192768,
        -2.574204971985731e-05,
        7.837377802070105e-06,
        -0.00011271577466166428,
        -1.6563636825401752e-05,
        7.1840974449435905e-06,
        0.00012209531404212248,
        7.837377802070183e-06,
        7.837377802070105e-06
      ],
      [
        7.038691926760807e-05,
        -9.519437866547864e-05,
        -0.0002745318614504894,
        0.017145558228808595,
        -4.071352368472061e-06,
        -8.734520088420913e-06,
        4.968494654822033e-06,
        7.837377802070183e-06,
        0.017145558228808595,
        0.017145558228808595
      ],
      [
        7.038691926760781e-05,
        -9.519437866547866e-05,
        -0.00027453186145049254,
        0.017145558228808592,
        -4.071352368472008e-06,
        -8.734520088420867e-06,
        4.968494654822036e-06,
        7.837377802070105e-06,
        0.017145558228808595,
        0.017145558228808595
      ]
    ],
    "correlation_matrix": [
      [
        0.9999999999999998,
        0.12497858180589416,
        0.3255445425906471,
        0.007744084344577682,
        -0.6069957724541735,
        -0.6969335755516181,
        0.6578829621557096,
        0.629585645072078,
        0.00774408434457771,
        0.007744084344577682
      ],
      [
        0.12497858180589418,
        0.9999999999999998,
        0.5721461008783831,
        -0.009713014957557014,
        -0.5001097886476887,
        0.4876449163871492,
        -0.5249858128194645,
        0.4805600163502707,
        -0.009713014957557012,
        -0.009713014957557014
      ],
      [
        0.3255445425906471,
        0.5721461008783831,
        0.9999999999999999,
        -0.00463423831056626,
        0.006840941755452072,
        -0.051469595404303535,
        0.0523810417163169,
        -0.005149381279184647,
        -0.004634238310566207,
        -0.00463423831056626
      ],
      [
        0.0077440843445776815,
        -0.009713014957557014,
        -0.00463423831056626,
        1.0,
        -0.0030427268646346086,
        -0.005703694616437981,
        0.003374837007647655,
        0.005416833287380449,
        1.0,
        1.0
      ],
      [
        -0.6069957724541736,
        -0.5001097886476887,
        0.006840941755452072,
        -0.0030427268646346086,
        0.9999999999999998,
        0.09068457249034663,
        -0.02215858900612022,
        -0.9982407493703422,
        -0.0030427268646346485,
        -0.0030427268646346086
      ],
      [
        -0.6969335755516181,
        0.4876449163871492,
        -0.05146959540430353,
        -0.005703694616437981,
        0.09068457249034663,
        1.0,
        -0.996640503541322,
        -0.12817379198409187,
        -0.005703694616438011,
        -0.005703694616437981
      ],
      [
        0.6578829621557096,
        -0.5249858128194644,
        0.0523810417163169,
        0.003374837007647655,
        -0.02215858900612022,
        -0.9966405035413219,
        1.0,
        0.057826446733337915,
        0.003374837007647653,
        0.003374837007647655
      ],
      [
        0.6295856450720779,
        0.4805600163502706,
        -0.005149381279184648,
        0.005416833287380449,
        -0.9982407493703421,
        -0.12817379198409187,
        0.05782644673333792,
        1.0,
        0.0054168332873805024,
        0.005416833287380449
      ],
      [
        0.007744084344577709,
        -0.00971301495755701,
        -0.004634238310566207,
        1.0,
        -0.003042726864634649,
        -0.005703694616438011,
        0.0033748370076476524,
        0.005416833287380503,
        1.0,
        1.0
      ],
      [
        0.0077440843445776815,
        -0.009713014957557014,
        -0.00463423831056626,
        1.0,
        -0.0030427268646346086,
        -0.005703694616437981,
        0.003374837007647655,
        0.005416833287380449,
        1.0,
        1.0
      ]
    ],
    "standard_deviations": [
      0.06937912401193261,
      0.07481077871331139,
      0.45219038225939046,
      0.13087556177751372,
      0.01021368951946624,
      0.011689332510439446,
      0.011237739315707682,
      0.011044148619431036,
      0.1308755617775136,
      0.13087556177751372
    ],
    "parameter_names": [
      "db1",
      "db2",
      "sp",
      "base_v",
      "choice_probs[0]",
      "choice_probs[1]",
      "choice_probs[2]",
      "choice_probs[3]",
      "rt_alpha",
      "rt_beta"
    ],
    "matrix_shape": [
      10,
      10
    ],
    "n_samples": 1000
  }
}