{
  "metadata": {
    "analysis_type": "GRT-LBA",
    "extraction_timestamp": "2025-06-15T07:13:50.975163",
    "subject_id": 32
  },
  "parameter_estimates": {
    "subject_id": 32,
    "parameters": {
      "db1": {
        "mean": 0.5549174555872758,
        "std": 0.07188509314073122,
        "median": 0.5450392682810176,
        "q025": 0.4391730914529746,
        "q975": 0.7321405765931602,
        "shape": [
          2,
          500
        ]
      },
      "db2": {
        "mean": 0.5179668235475724,
        "std": 0.07300903817432823,
        "median": 0.5137232647944359,
        "q025": 0.37698188885541517,
        "q975": 0.6957760075926321,
        "shape": [
          2,
          500
        ]
      },
      "sp": {
        "mean": 1.0009154838532202,
        "std": 0.49130042330111506,
        "median": 0.9248175115482398,
        "q025": 0.28462536663889293,
        "q975": 2.1917883339872675,
        "shape": [
          2,
          500
        ]
      },
      "base_v": {
        "mean": 3.049955541684095,
        "std": 0.1325881123020819,
        "median": 3.045727897997346,
        "q025": 2.7995756528956557,
        "q975": 3.3034866650266337,
        "shape": [
          2,
          500
        ]
      },
      "choice_probs": {
        "mean": 0.25,
        "std": 0.013557478196755873,
        "median": 0.24981904082077538,
        "q025": 0.22377711015028412,
        "q975": 0.27732637140708677,
        "shape": [
          2,
          500,
          4
        ],
        "elements": [
          {
            "index": 0,
            "mean": 0.24097729111676733,
            "std": 0.011372975536046447,
            "median": 0.24169371356594468,
            "q025": 0.21862460411247614,
            "q975": 0.26312060488146644
          },
          {
            "index": 1,
            "mean": 0.24519000294118926,
            "std": 0.011203422912177446,
            "median": 0.24509254910088812,
            "q025": 0.2236152081522948,
            "q975": 0.2679379270953635
          },
          {
            "index": 2,
            "mean": 0.254675941177137,
            "std": 0.011404617780846692,
            "median": 0.25449829827704673,
            "q025": 0.23259761797490153,
            "q975": 0.2776932530171719
          },
          {
            "index": 3,
            "mean": 0.2591567647649065,
            "std": 0.011833772933980713,
            "median": 0.25815318324237474,
            "q025": 0.23702521507359825,
            "q975": 0.28304231286383946
          }
        ]
      },
      "rt_alpha": {
        "mean": 4.049955541684095,
        "std": 0.1325881123020819,
        "median": 4.045727897997346,
        "q025": 3.7995756528956557,
        "q975": 4.303486665026633,
        "shape": [
          2,
          500
        ]
      },
      "rt_beta": {
        "mean": 3.049955541684095,
        "std": 0.1325881123020819,
        "median": 3.045727897997346,
        "q025": 2.7995756528956557,
        "q975": 3.3034866650266337,
        "shape": [
          2,
          500
        ]
      }
    },
    "statistics": {},
    "diagnostics": {
      "db1": {
        "rhat": 1.0,
        "ess_bulk": 442.0,
        "ess_tail": 267.0,
        "mcse_mean": 0.004
      },
      "db2": {
        "rhat": 1.0,
        "ess_bulk": 489.0,
        "ess_tail": 277.0,
        "mcse_mean": 0.004
      },
      "sp": {
        "rhat": 1.02,
        "ess_bulk": 191.0,
        "ess_tail": 116.0,
        "mcse_mean": 0.032
      },
      "base_v": {
        "rhat": 1.0,
        "ess_bulk": 561.0,
        "ess_tail": 724.0,
        "mcse_mean": 0.006
      },
      "choice_probs[0]": {
        "rhat": 1.0,
        "ess_bulk": 676.0,
        "ess_tail": 603.0,
        "mcse_mean": 0.0
      },
      "choice_probs[1]": {
        "rhat": 1.0,
        "ess_bulk": 861.0,
        "ess_tail": 675.0,
        "mcse_mean": 0.0
      },
      "choice_probs[2]": {
        "rhat": 1.0,
        "ess_bulk": 831.0,
        "ess_tail": 655.0,
        "mcse_mean": 0.0
      },
      "choice_probs[3]": {
        "rhat": 1.0,
        "ess_bulk": 688.0,
        "ess_tail": 571.0,
        "mcse_mean": 0.0
      },
      "rt_alpha": {
        "rhat": 1.0,
        "ess_bulk": 561.0,
        "ess_tail": 724.0,
        "mcse_mean": 0.006
      },
      "rt_beta": {
        "rhat": 1.0,
        "ess_bulk": 561.0,
        "ess_tail": 724.0,
        "mcse_mean": 0.006
      }
    }
  },
  "covariance_analysis": {
    "covariance_matrix": [
      [
        0.005172639255106711,
        0.000431480716435054,
        0.01299804870692133,
        -1.8537769747240976e-05,
        -0.000500385558697495,
        -0.000469182166048218,
        0.00045685345026041794,
        0.0005127142744852951,
        -1.8537769747241572e-05,
        -1.8537769747240976e-05
      ],
      [
        0.000431480716435054,
        0.005335655310450967,
        0.005001029345382387,
        -0.0001424481553927873,
        -0.000539102387956309,
        0.0005054933391996816,
        -0.0005371511305976699,
        0.0005707601793542977,
        -0.0001424481553927875,
        -0.0001424481553927873
      ],
      [
        0.01299804870692133,
        0.005001029345382387,
        0.24161772365951437,
        -0.0002655235807312519,
        2.1078180712282864e-06,
        0.00013115791123662613,
        -0.00013786164933796437,
        4.5959200301100105e-06,
        -0.000265523580731249,
        -0.0002655235807312519
      ],
      [
        -1.8537769747240976e-05,
        -0.0001424481553927873,
        -0.0002655235807312519,
        0.017597204728558035,
        2.9706726207395684e-05,
        -1.1139366262980986e-05,
        1.767984272167132e-05,
        -3.624720266608563e-05,
        0.01759720472855803,
        0.017597204728558035
      ],
      [
        -0.000500385558697495,
        -0.000539102387956309,
        2.1078180712282864e-06,
        2.9706726207395684e-05,
        0.0001294740465901011,
        1.1101186642018214e-06,
        3.975956495954681e-06,
        -0.00013456012175025765,
        2.9706726207395786e-05,
        2.9706726207395684e-05
      ],
      [
        -0.000469182166048218,
        0.0005054933391996816,
        0.00013115791123662613,
        -1.1139366262980986e-05,
        1.1101186642018214e-06,
        0.00012564232727637896,
        -0.00012765283310149967,
        9.003871609188943e-07,
        -1.1139366262981017e-05,
        -1.1139366262980986e-05
      ],
      [
        0.00045685345026041794,
        -0.0005371511305976699,
        -0.00013786164933796437,
        1.767984272167132e-05,
        3.975956495954681e-06,
        -0.00012765283310149967,
        0.00013019550222943395,
        -6.518625623888935e-06,
        1.767984272167143e-05,
        1.767984272167132e-05
      ],
      [
        0.0005127142744852951,
        0.0005707601793542977,
        4.5959200301100105e-06,
        -3.624720266608563e-05,
        -0.00013456012175025765,
        9.003871609188943e-07,
        -6.518625623888935e-06,
        0.00014017836021322768,
        -3.624720266608574e-05,
        -3.624720266608563e-05
      ],
      [
        -1.8537769747241572e-05,
        -0.0001424481553927875,
        -0.000265523580731249,
        0.01759720472855803,
        2.9706726207395786e-05,
        -1.1139366262981017e-05,
        1.767984272167143e-05,
        -3.624720266608574e-05,
        0.017597204728558035,
        0.017597204728558035
      ],
      [
        -1.8537769747240976e-05,
        -0.0001424481553927873,
        -0.0002655235807312519,
        0.017597204728558035,
        2.9706726207395684e-05,
        -1.1139366262980986e-05,
        1.767984272167132e-05,
        -3.624720266608563e-05,
        0.017597204728558035,
        0.01759720472855803
      ]
    ],
    "correlation_matrix": [
      [
        1.0,
        0.08213181354562833,
        0.36766955559697584,
        -0.0019430301722335452,
        -0.611444877270766,
        -0.5819925349470854,
        0.5567020529552158,
        0.6021141388776002,
        -0.0019430301722336077,
        -0.0019430301722335452
      ],
      [
        0.08213181354562833,
        1.0,
        0.13928396642124033,
        -0.01470080454651283,
        -0.6486135419434228,
        0.617381438417666,
        -0.6444728414829517,
        0.6599625548816056,
        -0.014700804546512848,
        -0.01470080454651283
      ],
      [
        0.3676695555969758,
        0.13928396642124033,
        0.9999999999999999,
        -0.0040720852228218005,
        0.00037685767855215454,
        0.02380466704196859,
        -0.02457995509514281,
        0.000789709898028634,
        -0.004072085222821755,
        -0.0040720852228218005
      ],
      [
        -0.0019430301722335455,
        -0.014700804546512831,
        -0.0040720852228218005,
        1.0,
        0.019680747495196473,
        -0.0074915322653549945,
        0.011680422797823296,
        -0.023078743746097218,
        1.0,
        1.0
      ],
      [
        -0.6114448772707661,
        -0.6486135419434227,
        0.00037685767855215454,
        0.019680747495196473,
        0.9999999999999999,
        0.008703823135809724,
        0.030623319984142253,
        -0.9988137741978322,
        0.01968074749519654,
        0.019680747495196473
      ],
      [
        -0.5819925349470854,
        0.617381438417666,
        0.02380466704196859,
        -0.007491532265354996,
        0.008703823135809724,
        1.0,
        -0.9980779961740496,
        0.006784546443068312,
        -0.007491532265355015,
        -0.007491532265354996
      ],
      [
        0.5567020529552158,
        -0.6444728414829517,
        -0.02457995509514281,
        0.011680422797823298,
        0.03062331998414225,
        -0.9980779961740496,
        1.0,
        -0.04825224909823261,
        0.01168042279782337,
        0.011680422797823298
      ],
      [
        0.6021141388776001,
        0.6599625548816055,
        0.000789709898028634,
        -0.023078743746097218,
        -0.9988137741978322,
        0.006784546443068312,
        -0.048252249098232614,
        1.0,
        -0.023078743746097287,
        -0.023078743746097218
      ],
      [
        -0.0019430301722336081,
        -0.014700804546512848,
        -0.004072085222821755,
        1.0,
        0.019680747495196542,
        -0.007491532265355015,
        0.011680422797823367,
        -0.023078743746097287,
        1.0,
        1.0
      ],
      [
        -0.0019430301722335455,
        -0.014700804546512831,
        -0.0040720852228218005,
        1.0,
        0.019680747495196473,
        -0.0074915322653549945,
        0.011680422797823296,
        -0.023078743746097218,
        1.0,
        1.0
      ]
    ],
    "standard_deviations": [
      0.07188509314073123,
      0.07300903817432829,
      0.4913004233011151,
      0.13258811230208187,
      0.011372975536046444,
      0.011203422912177446,
      0.011404617780846693,
      0.011833772933980717,
      0.1325881123020819,
      0.13258811230208187
    ],
    "parameter_names": [
      "db1",
      "db2",
      "sp",
      "base_v",
      "choice_probs[0]",
      "choice_probs[1]",
      "choice_probs[2]",
      "choice_probs[3]",
      "rt_alpha",
      "rt_beta"
    ],
    "matrix_shape": [
      10,
      10
    ],
    "n_samples": 1000
  }
}