{
  "metadata": {
    "analysis_type": "GRT-LBA",
    "extraction_timestamp": "2025-06-15T07:13:50.886015",
    "subject_id": 31
  },
  "parameter_estimates": {
    "subject_id": 31,
    "parameters": {
      "db1": {
        "mean": 0.3947873711382561,
        "std": 0.03993501884033856,
        "median": 0.3981814348249812,
        "q025": 0.30163003235654884,
        "q975": 0.46053036626760185,
        "shape": [
          2,
          500
        ]
      },
      "db2": {
        "mean": 0.7294202849828774,
        "std": 0.05181527096325267,
        "median": 0.7380358880965565,
        "q025": 0.6112342585156059,
        "q975": 0.7980950077436693,
        "shape": [
          2,
          500
        ]
      },
      "sp": {
        "mean": 0.4070342856043844,
        "std": 0.10309425737387433,
        "median": 0.4119982465054554,
        "q025": 0.19528937240717326,
        "q975": 0.5963160330968956,
        "shape": [
          2,
          500
        ]
      },
      "base_v": {
        "mean": 6.567327866183283,
        "std": 0.31189030770359355,
        "median": 6.555835819328278,
        "q025": 6.006929424647328,
        "q975": 7.206965825268231,
        "shape": [
          2,
          500
        ]
      },
      "choice_probs": {
        "mean": 0.25,
        "std": 0.07767907566014672,
        "median": 0.23880735192047997,
        "q025": 0.14590169650800436,
        "q975": 0.37838976761621734,
        "shape": [
          2,
          500,
          4
        ],
        "elements": [
          {
            "index": 0,
            "mean": 0.2036634627994183,
            "std": 0.01055944867591385,
            "median": 0.20364625267377062,
            "q025": 0.18345537028785897,
            "q975": 0.2251724357203361
          },
          {
            "index": 1,
            "mean": 0.3600529106157471,
            "std": 0.013313077302960465,
            "median": 0.35947512694779954,
            "q025": 0.33546288559586346,
            "q975": 0.3872539100338249
          },
          {
            "index": 2,
            "mean": 0.15761335146106017,
            "std": 0.008776937888774362,
            "median": 0.15764613241841374,
            "q025": 0.14015331887020455,
            "q975": 0.1745326797327503
          },
          {
            "index": 3,
            "mean": 0.27867027512377446,
            "std": 0.012425185739976377,
            "median": 0.27887310565618345,
            "q025": 0.2540329401112248,
            "q975": 0.3040188130098503
          }
        ]
      },
      "rt_alpha": {
        "mean": 7.567327866183283,
        "std": 0.3118903077035935,
        "median": 7.555835819328278,
        "q025": 7.006929424647328,
        "q975": 8.206965825268231,
        "shape": [
          2,
          500
        ]
      },
      "rt_beta": {
        "mean": 6.567327866183283,
        "std": 0.31189030770359355,
        "median": 6.555835819328278,
        "q025": 6.006929424647328,
        "q975": 7.206965825268231,
        "shape": [
          2,
          500
        ]
      }
    },
    "statistics": {},
    "diagnostics": {
      "db1": {
        "rhat": 1.02,
        "ess_bulk": 106.0,
        "ess_tail": 100.0,
        "mcse_mean": 0.004
      },
      "db2": {
        "rhat": 1.03,
        "ess_bulk": 66.0,
        "ess_tail": 23.0,
        "mcse_mean": 0.007
      },
      "sp": {
        "rhat": 1.02,
        "ess_bulk": 71.0,
        "ess_tail": 29.0,
        "mcse_mean": 0.012
      },
      "base_v": {
        "rhat": 1.01,
        "ess_bulk": 391.0,
        "ess_tail": 438.0,
        "mcse_mean": 0.016
      },
      "choice_probs[0]": {
        "rhat": 1.01,
        "ess_bulk": 544.0,
        "ess_tail": 613.0,
        "mcse_mean": 0.0
      },
      "choice_probs[1]": {
        "rhat": 1.01,
        "ess_bulk": 589.0,
        "ess_tail": 417.0,
        "mcse_mean": 0.001
      },
      "choice_probs[2]": {
        "rhat": 1.01,
        "ess_bulk": 616.0,
        "ess_tail": 803.0,
        "mcse_mean": 0.0
      },
      "choice_probs[3]": {
        "rhat": 1.0,
        "ess_bulk": 521.0,
        "ess_tail": 473.0,
        "mcse_mean": 0.001
      },
      "rt_alpha": {
        "rhat": 1.01,
        "ess_bulk": 391.0,
        "ess_tail": 438.0,
        "mcse_mean": 0.016
      },
      "rt_beta": {
        "rhat": 1.01,
        "ess_bulk": 391.0,
        "ess_tail": 438.0,
        "mcse_mean": 0.016
      }
    }
  },
  "covariance_analysis": {
    "covariance_matrix": [
      [
        0.0015964021319101057,
        -0.0012973117929317873,
        -0.00299779532537605,
        -0.0004845028109567285,
        -0.0002769384920438331,
        -0.00020417682612336674,
        9.556978591142328e-05,
        0.0003855455322557764,
        -0.0004845028109567289,
        -0.0004845028109567285
      ],
      [
        -0.0012973117929317873,
        0.002687509814810106,
        0.004639543035380683,
        0.0003689820363396751,
        -4.406236140802933e-06,
        9.787200107215644e-05,
        -6.45217742997349e-05,
        -2.8943990631618125e-05,
        0.0003689820363396753,
        0.0003689820363396751
      ],
      [
        -0.00299779532537605,
        0.004639543035380683,
        0.01063906496843908,
        0.0005103039269713607,
        0.00043390369694630755,
        -0.00023865239989352439,
        0.00020752022191894025,
        -0.00040277151897172276,
        0.0005103039269713607,
        0.0005103039269713607
      ],
      [
        -0.0004845028109567285,
        0.0003689820363396751,
        0.0005103039269713607,
        0.09737293697641866,
        7.628434752054483e-05,
        0.00014843836474986476,
        -8.774968025711788e-05,
        -0.0001369730320132936,
        0.09737293697641866,
        0.09737293697641866
      ],
      [
        -0.0002769384920438331,
        -4.406236140802933e-06,
        0.00043390369694630755,
        7.628434752054483e-05,
        0.00011161356990916796,
        -1.4611816582597376e-05,
        2.41418733915415e-05,
        -0.00012114362671811205,
        7.62843475205449e-05,
        7.628434752054483e-05
      ],
      [
        -0.00020417682612336674,
        9.787200107215644e-05,
        -0.00023865239989352439,
        0.00014843836474986476,
        -1.4611816582597376e-05,
        0.0001774154427173184,
        -0.00011533054812243284,
        -4.74730780122881e-05,
        0.0001484383647498647,
        0.00014843836474986476
      ],
      [
        9.556978591142328e-05,
        -6.45217742997349e-05,
        0.00020752022191894025,
        -8.774968025711788e-05,
        2.41418733915415e-05,
        -0.00011533054812243284,
        7.71117504538568e-05,
        1.4076924277034456e-05,
        -8.774968025711795e-05,
        -8.774968025711788e-05
      ],
      [
        0.0003855455322557764,
        -2.8943990631618125e-05,
        -0.00040277151897172276,
        -0.0001369730320132936,
        -0.00012114362671811205,
        -4.74730780122881e-05,
        1.4076924277034456e-05,
        0.0001545397804533657,
        -0.00013697303201329347,
        -0.0001369730320132936
      ],
      [
        -0.0004845028109567289,
        0.0003689820363396753,
        0.0005103039269713607,
        0.09737293697641866,
        7.62843475205449e-05,
        0.0001484383647498647,
        -8.774968025711795e-05,
        -0.00013697303201329347,
        0.09737293697641865,
        0.09737293697641865
      ],
      [
        -0.0004845028109567285,
        0.0003689820363396751,
        0.0005103039269713607,
        0.09737293697641866,
        7.628434752054483e-05,
        0.00014843836474986476,
        -8.774968025711788e-05,
        -0.0001369730320132936,
        0.09737293697641865,
        0.09737293697641865
      ]
    ],
    "correlation_matrix": [
      [
        1.0,
        -0.6263227500188052,
        -0.7274097166725778,
        -0.03886028816812863,
        -0.6560752793431741,
        -0.38365387526344663,
        0.2723887600233734,
        0.7762191980250932,
        -0.038860288168128664,
        -0.03886028816812863
      ],
      [
        -0.6263227500188051,
        1.0,
        0.867657744480754,
        0.022809252825616605,
        -0.008045151731531343,
        0.14173846619048025,
        -0.14173300375682388,
        -0.04491208673359051,
        0.02280925282561662,
        0.022809252825616605
      ],
      [
        -0.7274097166725778,
        0.8676577444807541,
        1.0,
        0.015854700598594135,
        0.39818337229844225,
        -0.17370741836738188,
        0.2291123035157865,
        -0.3141136988817795,
        0.015854700598594135,
        0.015854700598594135
      ],
      [
        -0.03886028816812863,
        0.0228092528256166,
        0.015854700598594132,
        1.0,
        0.02313970413192495,
        0.03571340978247496,
        -0.03202330317783731,
        -0.03530984321195815,
        1.0,
        1.0
      ],
      [
        -0.6560752793431741,
        -0.008045151731531345,
        0.3981833722984423,
        0.023139704131924947,
        1.0,
        -0.10383649087200333,
        0.26022689964898643,
        -0.9224055898335393,
        0.023139704131924968,
        0.023139704131924947
      ],
      [
        -0.3836538752634466,
        0.14173846619048025,
        -0.17370741836738188,
        0.03571340978247497,
        -0.10383649087200333,
        1.0,
        -0.9860259971309638,
        -0.28670253692175707,
        0.03571340978247495,
        0.03571340978247497
      ],
      [
        0.2723887600233735,
        -0.14173300375682388,
        0.2291123035157865,
        -0.03202330317783732,
        0.26022689964898643,
        -0.9860259971309637,
        0.9999999999999998,
        0.12895178199776458,
        -0.03202330317783734,
        -0.03202330317783732
      ],
      [
        0.7762191980250932,
        -0.04491208673359051,
        -0.31411369888177954,
        -0.03530984321195815,
        -0.9224055898335394,
        -0.28670253692175707,
        0.12895178199776458,
        1.0,
        -0.03530984321195812,
        -0.03530984321195815
      ],
      [
        -0.038860288168128664,
        0.022809252825616615,
        0.015854700598594132,
        1.0,
        0.023139704131924968,
        0.035713409782474954,
        -0.03202330317783734,
        -0.03530984321195812,
        1.0,
        1.0
      ],
      [
        -0.03886028816812863,
        0.0228092528256166,
        0.015854700598594132,
        1.0,
        0.02313970413192495,
        0.03571340978247496,
        -0.03202330317783731,
        -0.03530984321195815,
        1.0,
        1.0
      ]
    ],
    "standard_deviations": [
      0.03993501884033859,
      0.05181527096325271,
      0.10309425737387437,
      0.31189030770359355,
      0.010559448675913841,
      0.013313077302960457,
      0.008776937888774369,
      0.012425185739976374,
      0.31189030770359333,
      0.31189030770359355
    ],
    "parameter_names": [
      "db1",
      "db2",
      "sp",
      "base_v",
      "choice_probs[0]",
      "choice_probs[1]",
      "choice_probs[2]",
      "choice_probs[3]",
      "rt_alpha",
      "rt_beta"
    ],
    "matrix_shape": [
      10,
      10
    ],
    "n_samples": 1000
  }
}
