{
  "metadata": {
    "analysis_type": "GRT-LBA",
    "extraction_timestamp": "2025-06-15T07:13:51.389623",
    "subject_id": 37
  },
  "parameter_estimates": {
    "subject_id": 37,
    "parameters": {
      "db1": {
        "mean": 0.662691320218036,
        "std": 0.03641182269626647,
        "median": 0.6611981832392542,
        "q025": 0.5958615106379243,
        "q975": 0.7444128954444309,
        "shape": [
          2,
          500
        ]
      },
      "db2": {
        "mean": 0.7415383425645766,
        "std": 0.04184193236835236,
        "median": 0.7480416752188817,
        "q025": 0.6558432949615545,
        "q975": 0.7983450675887789,
        "shape": [
          2,
          500
        ]
      },
      "sp": {
        "mean": 0.23751966163511803,
        "std": 0.04539047277361544,
        "median": 0.23922697695898934,
        "q025": 0.15187634887090679,
        "q975": 0.32024502945192274,
        "shape": [
          2,
          500
        ]
      },
      "base_v": {
        "mean": 1.2636103867162953,
        "std": 0.06470740082226056,
        "median": 1.2637983842853902,
        "q025": 1.130277975095746,
        "q975": 1.3841305319938295,
        "shape": [
          2,
          500
        ]
      },
      "choice_probs": {
        "mean": 0.25,
        "std": 0.14937429195412116,
        "median": 0.2080181845221159,
        "q025": 0.07937403297603164,
        "q975": 0.5107123534322712,
        "shape": [
          2,
          500,
          4
        ],
        "elements": [
          {
            "index": 0,
            "mean": 0.08874643905022228,
            "std": 0.007595170376644456,
            "median": 0.08854445912770613,
            "q025": 0.07567999151179614,
            "q975": 0.10615170245511385
          },
          {
            "index": 1,
            "mean": 0.24650608948611674,
            "std": 0.014409782242907487,
            "median": 0.24660802819382835,
            "q025": 0.21815599051927834,
            "q975": 0.2742762609008224
          },
          {
            "index": 2,
            "mean": 0.17594808868447373,
            "std": 0.01220296990226898,
            "median": 0.17524439317980028,
            "q025": 0.15291803512193003,
            "q975": 0.20117406356694123
          },
          {
            "index": 3,
            "mean": 0.4887993827791872,
            "std": 0.01768407081359078,
            "median": 0.4888263618644165,
            "q025": 0.4517151547561988,
            "q975": 0.5215390768401723
          }
        ]
      },
      "rt_alpha": {
        "mean": 2.2636103867162953,
        "std": 0.06470740082226056,
        "median": 2.26379838428539,
        "q025": 2.130277975095746,
        "q975": 2.3841305319938297,
        "shape": [
          2,
          500
        ]
      },
      "rt_beta": {
        "mean": 1.2636103867162953,
        "std": 0.06470740082226056,
        "median": 1.2637983842853902,
        "q025": 1.130277975095746,
        "q975": 1.3841305319938295,
        "shape": [
          2,
          500
        ]
      }
    },
    "statistics": {},
    "diagnostics": {
      "db1": {
        "rhat": 1.04,
        "ess_bulk": 49.0,
        "ess_tail": 62.0,
        "mcse_mean": 0.005
      },
      "db2": {
        "rhat": 1.05,
        "ess_bulk": 44.0,
        "ess_tail": 55.0,
        "mcse_mean": 0.007
      },
      "sp": {
        "rhat": 1.03,
        "ess_bulk": 45.0,
        "ess_tail": 34.0,
        "mcse_mean": 0.007
      },
      "base_v": {
        "rhat": 1.01,
        "ess_bulk": 209.0,
        "ess_tail": 330.0,
        "mcse_mean": 0.004
      },
      "choice_probs[0]": {
        "rhat": 1.0,
        "ess_bulk": 845.0,
        "ess_tail": 628.0,
        "mcse_mean": 0.0
      },
      "choice_probs[1]": {
        "rhat": 1.0,
        "ess_bulk": 559.0,
        "ess_tail": 389.0,
        "mcse_mean": 0.001
      },
      "choice_probs[2]": {
        "rhat": 1.0,
        "ess_bulk": 517.0,
        "ess_tail": 450.0,
        "mcse_mean": 0.001
      },
      "choice_probs[3]": {
        "rhat": 1.0,
        "ess_bulk": 830.0,
        "ess_tail": 630.0,
        "mcse_mean": 0.001
      },
      "rt_alpha": {
        "rhat": 1.01,
        "ess_bulk": 209.0,
        "ess_tail": 330.0,
        "mcse_mean": 0.004
      },
      "rt_beta": {
        "rhat": 1.01,
        "ess_bulk": 209.0,
        "ess_tail": 330.0,
        "mcse_mean": 0.004
      }
    }
  },
  "covariance_analysis": {
    "covariance_matrix": [
      [
        0.0013271479800443908,
        0.00112181778133225,
        0.0013790013931187317,
        -0.00011600730237175452,
        -2.1811942554963453e-05,
        -0.00031401947866393153,
        0.00022775818718592464,
        0.00010807323403297039,
        -0.00011600730237175445,
        -0.00011600730237175452
      ],
      [
        0.00112181778133225,
        0.0017524998041218954,
        0.0016880268313023423,
        -9.06183432914794e-05,
        -7.389419971510253e-06,
        3.985870700652848e-05,
        -3.773420353957383e-05,
        5.2649165045557e-06,
        -9.061834329147884e-05,
        -9.06183432914794e-05
      ],
      [
        0.0013790013931187317,
        0.0016880268313023423,
        0.002062357375988312,
        -8.576469385030042e-05,
        0.00011121574973558241,
        -7.49490206611606e-05,
        0.00019406801723213273,
        -0.00023033474630655449,
        -8.57646938503002e-05,
        -8.576469385030042e-05
      ],
      [
        -0.00011600730237175452,
        -9.06183432914794e-05,
        -8.576469385030042e-05,
        0.0041912389601328195,
        1.1891244250663898e-05,
        2.6366173354242258e-05,
        -1.1445158355663253e-05,
        -2.6812259249242936e-05,
        0.004191238960132821,
        0.0041912389601328195
      ],
      [
        -2.1811942554963453e-05,
        -7.389419971510253e-06,
        0.00011121574973558241,
        1.1891244250663898e-05,
        5.7744357407665165e-05,
        3.349495835161171e-05,
        4.125707010913692e-05,
        -0.0001324963858684138,
        1.189124425066388e-05,
        1.1891244250663898e-05
      ],
      [
        -0.00031401947866393153,
        3.985870700652848e-05,
        -7.49490206611606e-05,
        2.6366173354242258e-05,
        3.349495835161171e-05,
        0.0002078496739619739,
        -0.00012556011216137858,
        -0.0001157845201522069,
        2.6366173354242285e-05,
        2.6366173354242258e-05
      ],
      [
        0.00022775818718592464,
        -3.773420353957383e-05,
        0.00019406801723213273,
        -1.1445158355663253e-05,
        4.125707010913692e-05,
        -0.00012556011216137858,
        0.00014906153597165427,
        -6.475849391941256e-05,
        -1.1445158355663273e-05,
        -1.1445158355663253e-05
      ],
      [
        0.00010807323403297039,
        5.2649165045557e-06,
        -0.00023033474630655449,
        -2.6812259249242936e-05,
        -0.0001324963858684138,
        -0.0001157845201522069,
        -6.475849391941256e-05,
        0.0003130393999400334,
        -2.681225924924286e-05,
        -2.6812259249242936e-05
      ],
      [
        -0.00011600730237175445,
        -9.061834329147884e-05,
        -8.57646938503002e-05,
        0.004191238960132821,
        1.189124425066388e-05,
        2.6366173354242285e-05,
        -1.1445158355663273e-05,
        -2.681225924924286e-05,
        0.0041912389601328195,
        0.00419123896013282
      ],
      [
        -0.00011600730237175452,
        -9.06183432914794e-05,
        -8.576469385030042e-05,
        0.0041912389601328195,
        1.1891244250663898e-05,
        2.6366173354242258e-05,
        -1.1445158355663253e-05,
        -2.6812259249242936e-05,
        0.00419123896013282,
        0.00419123896013282
      ]
    ],
    "correlation_matrix": [
      [
        1.0,
        0.7355863392441672,
        0.833533516550677,
        -0.04918746508248395,
        -0.07879159527875872,
        -0.5978913072439096,
        0.5120725858803218,
        0.16767139255902683,
        -0.04918746508248392,
        -0.049187465082483936
      ],
      [
        0.7355863392441672,
        0.9999999999999999,
        0.8879088695746493,
        -0.033436123273509845,
        -0.023228789830201883,
        0.06604189760152097,
        -0.07382839084005322,
        0.007108254979099818,
        -0.033436123273509644,
        -0.03343612327350983
      ],
      [
        0.8335335165506771,
        0.8879088695746493,
        0.9999999999999999,
        -0.029171272103951925,
        0.3222771804108735,
        -0.11447465055543357,
        0.35001705840779035,
        -0.28666719271579694,
        -0.029171272103951852,
        -0.029171272103951918
      ],
      [
        -0.04918746508248395,
        -0.033436123273509845,
        -0.029171272103951925,
        1.0,
        0.024171372550222094,
        0.028248878983353664,
        -0.014479974555718707,
        -0.023407913154558768,
        1.0,
        1.0
      ],
      [
        -0.07879159527875872,
        -0.02322878983020188,
        0.32227718041087344,
        0.024171372550222094,
        1.0,
        0.30573840242369565,
        0.44469352990707517,
        -0.985484401400418,
        0.02417137255022206,
        0.02417137255022209
      ],
      [
        -0.5978913072439097,
        0.06604189760152096,
        -0.11447465055543357,
        0.028248878983353664,
        0.3057384024236957,
        0.9999999999999999,
        -0.7133361363580175,
        -0.4539168714282527,
        0.028248878983353688,
        0.028248878983353657
      ],
      [
        0.5120725858803218,
        -0.07382839084005322,
        0.3500170584077904,
        -0.014479974555718707,
        0.44469352990707517,
        -0.7133361363580175,
        1.0,
        -0.29978813658189496,
        -0.014479974555718733,
        -0.014479974555718703
      ],
      [
        0.16767139255902683,
        0.00710825497909982,
        -0.28666719271579694,
        -0.023407913154558768,
        -0.985484401400418,
        -0.4539168714282527,
        -0.29978813658189496,
        0.9999999999999998,
        -0.023407913154558698,
        -0.023407913154558764
      ],
      [
        -0.049187465082483915,
        -0.033436123273509644,
        -0.029171272103951852,
        1.0,
        0.02417137255022206,
        0.02824887898335369,
        -0.014479974555718731,
        -0.023407913154558698,
        1.0,
        1.0
      ],
      [
        -0.049187465082483936,
        -0.03343612327350984,
        -0.029171272103951918,
        1.0,
        0.02417137255022209,
        0.028248878983353657,
        -0.014479974555718703,
        -0.02340791315455876,
        1.0,
        1.0
      ]
    ],
    "standard_deviations": [
      0.03641182269626643,
      0.04184193236835232,
      0.045390472773615465,
      0.06470740082226055,
      0.007595170376644455,
      0.014409782242907496,
      0.012202969902268967,
      0.017684070813590778,
      0.06470740082226052,
      0.06470740082226055
    ],
    "parameter_names": [
      "db1",
      "db2",
      "sp",
      "base_v",
      "choice_probs[0]",
      "choice_probs[1]",
      "choice_probs[2]",
      "choice_probs[3]",
      "rt_alpha",
      "rt_beta"
    ],
    "matrix_shape": [
      10,
      10
    ],
    "n_samples": 1000
  }
}