{
  "metadata": {
    "analysis_type": "GRT-LBA",
    "extraction_timestamp": "2025-06-15T07:13:52.091580",
    "subject_id": 45
  },
  "parameter_estimates": {
    "subject_id": 45,
    "parameters": {
      "db1": {
        "mean": 0.5139073292210825,
        "std": 0.07386153161451373,
        "median": 0.5034232922483416,
        "q025": 0.3596584368101471,
        "q975": 0.6920914277086173,
        "shape": [
          2,
          500
        ]
      },
      "db2": {
        "mean": 0.4419362346862242,
        "std": 0.07851281156611682,
        "median": 0.46121174642257745,
        "q025": 0.24355405313683243,
        "q975": 0.5567617672886824,
        "shape": [
          2,
          500
        ]
      },
      "sp": {
        "mean": 0.9313154627497614,
        "std": 0.5648243193473311,
        "median": 0.8920831912366111,
        "q025": 0.12747847449202748,
        "q975": 2.1533490456409994,
        "shape": [
          2,
          500
        ]
      },
      "base_v": {
        "mean": 1.9512359521606213,
        "std": 0.0833359496390871,
        "median": 1.9515867086302698,
        "q025": 1.796681390786321,
        "q975": 2.119936224235183,
        "shape": [
          2,
          500
        ]
      },
      "choice_probs": {
        "mean": 0.25,
        "std": 0.0144473655117304,
        "median": 0.24968133025513056,
        "q025": 0.22399316986547982,
        "q975": 0.2771927185367812,
        "shape": [
          2,
          500,
          4
        ],
        "elements": [
          {
            "index": 0,
            "mean": 0.25664350152440607,
            "std": 0.01218876173456382,
            "median": 0.2568326628439018,
            "q025": 0.23441243432068562,
            "q975": 0.2779630732044187
          },
          {
            "index": 1,
            "mean": 0.24052928539587115,
            "std": 0.011484541048200838,
            "median": 0.23984342576312767,
            "q025": 0.2189566487497746,
            "q975": 0.2629420882715569
          },
          {
            "index": 2,
            "mean": 0.25954668883681514,
            "std": 0.011946190641981129,
            "median": 0.2597993559909344,
            "q025": 0.23693583929597403,
            "q975": 0.2829133844081242
          },
          {
            "index": 3,
            "mean": 0.2432805242429077,
            "std": 0.011900094307989571,
            "median": 0.24253243899278604,
            "q025": 0.22296142775283218,
            "q975": 0.26545691651497527
          }
        ]
      },
      "rt_alpha": {
        "mean": 2.9512359521606215,
        "std": 0.08333594963908711,
        "median": 2.95158670863027,
        "q025": 2.7966813907863215,
        "q975": 3.119936224235183,
        "shape": [
          2,
          500
        ]
      },
      "rt_beta": {
        "mean": 1.9512359521606213,
        "std": 0.0833359496390871,
        "median": 1.9515867086302698,
        "q025": 1.796681390786321,
        "q975": 2.119936224235183,
        "shape": [
          2,
          500
        ]
      }
    },
    "statistics": {},
    "diagnostics": {
      "db1": {
        "rhat": 1.09,
        "ess_bulk": 294.0,
        "ess_tail": 193.0,
        "mcse_mean": 0.005
      },
      "db2": {
        "rhat": 1.01,
        "ess_bulk": 118.0,
        "ess_tail": 141.0,
        "mcse_mean": 0.007
      },
      "sp": {
        "rhat": 1.1,
        "ess_bulk": 14.0,
        "ess_tail": 9.0,
        "mcse_mean": 0.127
      },
      "base_v": {
        "rhat": 1.03,
        "ess_bulk": 91.0,
        "ess_tail": 563.0,
        "mcse_mean": 0.009
      },
      "choice_probs[0]": {
        "rhat": 1.01,
        "ess_bulk": 208.0,
        "ess_tail": 382.0,
        "mcse_mean": 0.001
      },
      "choice_probs[1]": {
        "rhat": 1.01,
        "ess_bulk": 336.0,
        "ess_tail": 579.0,
        "mcse_mean": 0.001
      },
      "choice_probs[2]": {
        "rhat": 1.01,
        "ess_bulk": 342.0,
        "ess_tail": 553.0,
        "mcse_mean": 0.001
      },
      "choice_probs[3]": {
        "rhat": 1.01,
        "ess_bulk": 204.0,
        "ess_tail": 373.0,
        "mcse_mean": 0.001
      },
      "rt_alpha": {
        "rhat": 1.03,
        "ess_bulk": 91.0,
        "ess_tail": 563.0,
        "mcse_mean": 0.009
      },
      "rt_beta": {
        "rhat": 1.03,
        "ess_bulk": 91.0,
        "ess_tail": 563.0,
        "mcse_mean": 0.009
      }
    }
  },
  "covariance_analysis": {
    "covariance_matrix": [
      [
        0.005460986839281093,
        -0.0005080098711393489,
        0.006453093948599591,
        0.0005474839429779034,
        -0.0005544545622212525,
        -0.0005293681509334158,
        0.0005650966353239375,
        0.0005187260778307309,
        0.0005474839429779028,
        0.0005474839429779034
      ],
      [
        -0.0005080098711393489,
        0.0061704320120285925,
        -0.018576273445612062,
        0.0003491928512703209,
        -0.00046353706325803323,
        0.0005352228289377353,
        -0.000546732298688131,
        0.00047504653300842886,
        0.0003491928512703191,
        0.0003491928512703209
      ],
      [
        0.006453093948599591,
        -0.018576273445612062,
        0.31934585758375966,
        0.003996270072994832,
        -0.0007350554398372662,
        -0.00010552442413567951,
        0.00015253025628775375,
        0.0006880496076851856,
        0.003996270072994854,
        0.003996270072994832
      ],
      [
        0.0005474839429779034,
        0.0003491928512703209,
        0.003996270072994832,
        0.006951832334583046,
        -0.0001296995735878754,
        2.2422777108749136e-05,
        -2.1549993756960947e-05,
        0.0001288267902360869,
        0.006951832334583045,
        0.006951832334583046
      ],
      [
        -0.0005544545622212525,
        -0.00046353706325803323,
        -0.0007350554398372662,
        -0.0001296995735878754,
        0.00014871462724921645,
        -7.970265928245868e-06,
        4.183175396527029e-06,
        -0.00014492753671749756,
        -0.00012969957358787562,
        -0.0001296995735878754
      ],
      [
        -0.0005293681509334158,
        0.0005352228289377353,
        -0.00010552442413567951,
        2.2422777108749136e-05,
        -7.970265928245868e-06,
        0.00013202670979760767,
        -0.00013713374131277015,
        1.3077297443408171e-05,
        2.2422777108749298e-05,
        2.2422777108749136e-05
      ],
      [
        0.0005650966353239375,
        -0.000546732298688131,
        0.00015253025628775375,
        -2.1549993756960947e-05,
        4.183175396527029e-06,
        -0.00013713374131277015,
        0.00014285432517973718,
        -9.90375926349403e-06,
        -2.1549993756961123e-05,
        -2.1549993756960947e-05
      ],
      [
        0.0005187260778307309,
        0.00047504653300842886,
        0.0006880496076851856,
        0.0001288267902360869,
        -0.00014492753671749756,
        1.3077297443408171e-05,
        -9.90375926349403e-06,
        0.00014175399853758334,
        0.00012882679023608703,
        0.0001288267902360869
      ],
      [
        0.0005474839429779028,
        0.0003491928512703191,
        0.003996270072994854,
        0.006951832334583045,
        -0.00012969957358787562,
        2.2422777108749298e-05,
        -2.1549993756961123e-05,
        0.00012882679023608703,
        0.006951832334583046,
        0.006951832334583045
      ],
      [
        0.0005474839429779034,
        0.0003491928512703209,
        0.003996270072994832,
        0.006951832334583046,
        -0.0001296995735878754,
        2.2422777108749136e-05,
        -2.1549993756960947e-05,
        0.0001288267902360869,
        0.006951832334583045,
        0.006951832334583045
      ]
    ],
    "correlation_matrix": [
      [
        0.9999999999999998,
        -0.08751425508439911,
        0.1545260770916491,
        0.08885588091928893,
        -0.6152527349627528,
        -0.623435234511215,
        0.6397944368756844,
        0.5895692957098846,
        0.08885588091928884,
        0.08885588091928893
      ],
      [
        -0.08751425508439911,
        1.0,
        -0.41847562442284064,
        0.053316043528374026,
        -0.4838935528001729,
        0.5929880523668541,
        -0.5823314534117121,
        0.507938004045324,
        0.05331604352837374,
        0.053316043528374026
      ],
      [
        0.1545260770916491,
        -0.41847562442284064,
        0.9999999999999998,
        0.08481536640694559,
        -0.10666270884682831,
        -0.016251424967059457,
        0.02258284529915961,
        0.10226368754270385,
        0.08481536640694606,
        0.08481536640694559
      ],
      [
        0.08885588091928893,
        0.05331604352837402,
        0.08481536640694559,
        1.0,
        -0.12755928029181654,
        0.02340501129537168,
        -0.02162473564639992,
        0.12977435608485785,
        0.9999999999999999,
        1.0
      ],
      [
        -0.6152527349627528,
        -0.4838935528001729,
        -0.10666270884682831,
        -0.12755928029181654,
        0.9999999999999999,
        -0.0568807177892541,
        0.028700042118121633,
        -0.9981743558841365,
        -0.12755928029181676,
        -0.12755928029181654
      ],
      [
        -0.623435234511215,
        0.5929880523668541,
        -0.016251424967059457,
        0.02340501129537168,
        -0.056880717789254104,
        1.0,
        -0.9985428986779401,
        0.09559153655300925,
        0.02340501129537185,
        0.02340501129537168
      ],
      [
        0.6397944368756844,
        -0.5823314534117121,
        0.02258284529915961,
        -0.02162473564639992,
        0.028700042118121633,
        -0.99854289867794,
        1.0,
        -0.06959623070537828,
        -0.021624735646400096,
        -0.02162473564639992
      ],
      [
        0.5895692957098846,
        0.507938004045324,
        0.10226368754270386,
        0.12977435608485785,
        -0.9981743558841365,
        0.09559153655300925,
        -0.06959623070537826,
        0.9999999999999999,
        0.129774356084858,
        0.12977435608485785
      ],
      [
        0.08885588091928882,
        0.05331604352837374,
        0.08481536640694606,
        0.9999999999999999,
        -0.12755928029181673,
        0.023405011295371845,
        -0.021624735646400096,
        0.129774356084858,
        1.0,
        0.9999999999999999
      ],
      [
        0.08885588091928893,
        0.05331604352837402,
        0.08481536640694559,
        1.0,
        -0.12755928029181654,
        0.02340501129537168,
        -0.02162473564639992,
        0.12977435608485785,
        0.9999999999999999,
        0.9999999999999999
      ]
    ],
    "standard_deviations": [
      0.07386153161451366,
      0.07851281156611672,
      0.5648243193473313,
      0.08333594963908704,
      0.012188761734563798,
      0.011484541048200856,
      0.011946190641981125,
      0.011900094307989571,
      0.08333594963908714,
      0.08333594963908704
    ],
    "parameter_names": [
      "db1",
      "db2",
      "sp",
      "base_v",
      "choice_probs[0]",
      "choice_probs[1]",
      "choice_probs[2]",
      "choice_probs[3]",
      "rt_alpha",
      "rt_beta"
    ],
    "matrix_shape": [
      10,
      10
    ],
    "n_samples": 1000
  }
}