{
  "metadata": {
    "analysis_type": "GRT-LBA",
    "extraction_timestamp": "2025-06-15T07:13:52.175249",
    "subject_id": 46
  },
  "parameter_estimates": {
    "subject_id": 46,
    "parameters": {
      "db1": {
        "mean": 0.2797383699245908,
        "std": 0.05489519199504483,
        "median": 0.27192252774019643,
        "q025": 0.20154836171192464,
        "q975": 0.3871433681679051,
        "shape": [
          2,
          500
        ]
      },
      "db2": {
        "mean": 0.35274811225823227,
        "std": 0.05243251370450964,
        "median": 0.35375311721897984,
        "q025": 0.24450946456522954,
        "q975": 0.4418756656954571,
        "shape": [
          2,
          500
        ]
      },
      "sp": {
        "mean": 0.5282279480008958,
        "std": 0.15035466398630912,
        "median": 0.5300155813096352,
        "q025": 0.24414360329088294,
        "q975": 0.8265197681108656,
        "shape": [
          2,
          500
        ]
      },
      "base_v": {
        "mean": 3.447443088754483,
        "std": 0.15226495531983206,
        "median": 3.440577535210224,
        "q025": 3.144731735392784,
        "q975": 3.7410649434900165,
        "shape": [
          2,
          500
        ]
      },
      "choice_probs": {
        "mean": 0.25,
        "std": 0.06431288793811102,
        "median": 0.24204875350513744,
        "q025": 0.1576069462006,
        "q975": 0.3622947115384876,
        "shape": [
          2,
          500,
          4
        ],
        "elements": [
          {
            "index": 0,
            "mean": 0.34434761921036866,
            "std": 0.013834879336149252,
            "median": 0.34403402842539965,
            "q025": 0.3164723241348957,
            "q975": 0.3700678090379585
          },
          {
            "index": 1,
            "mean": 0.2603837572643639,
            "std": 0.01185282410987004,
            "median": 0.26010531719287144,
            "q025": 0.23847166580755055,
            "q975": 0.2850694742399574
          },
          {
            "index": 2,
            "mean": 0.22505441394105502,
            "std": 0.010990295467390224,
            "median": 0.22507026992051207,
            "q025": 0.20404483524276784,
            "q975": 0.24661783038979052
          },
          {
            "index": 3,
            "mean": 0.17021420958421243,
            "std": 0.009724197549827882,
            "median": 0.17024508372800912,
            "q025": 0.15262470806480236,
            "q975": 0.18989135509182142
          }
        ]
      },
      "rt_alpha": {
        "mean": 4.447443088754484,
        "std": 0.15226495531983208,
        "median": 4.440577535210224,
        "q025": 4.144731735392784,
        "q975": 4.7410649434900165,
        "shape": [
          2,
          500
        ]
      },
      "rt_beta": {
        "mean": 3.447443088754483,
        "std": 0.15226495531983206,
        "median": 3.440577535210224,
        "q025": 3.144731735392784,
        "q975": 3.7410649434900165,
        "shape": [
          2,
          500
        ]
      }
    },
    "statistics": {},
    "diagnostics": {
      "db1": {
        "rhat": 1.02,
        "ess_bulk": 79.0,
        "ess_tail": 93.0,
        "mcse_mean": 0.006
      },
      "db2": {
        "rhat": 1.01,
        "ess_bulk": 102.0,
        "ess_tail": 184.0,
        "mcse_mean": 0.005
      },
      "sp": {
        "rhat": 1.03,
        "ess_bulk": 52.0,
        "ess_tail": 14.0,
        "mcse_mean": 0.018
      },
      "base_v": {
        "rhat": 1.01,
        "ess_bulk": 353.0,
        "ess_tail": 458.0,
        "mcse_mean": 0.008
      },
      "choice_probs[0]": {
        "rhat": 1.0,
        "ess_bulk": 647.0,
        "ess_tail": 519.0,
        "mcse_mean": 0.001
      },
      "choice_probs[1]": {
        "rhat": 1.0,
        "ess_bulk": 470.0,
        "ess_tail": 436.0,
        "mcse_mean": 0.001
      },
      "choice_probs[2]": {
        "rhat": 1.01,
        "ess_bulk": 448.0,
        "ess_tail": 549.0,
        "mcse_mean": 0.001
      },
      "choice_probs[3]": {
        "rhat": 1.0,
        "ess_bulk": 651.0,
        "ess_tail": 491.0,
        "mcse_mean": 0.0
      },
      "rt_alpha": {
        "rhat": 1.01,
        "ess_bulk": 353.0,
        "ess_tail": 458.0,
        "mcse_mean": 0.008
      },
      "rt_beta": {
        "rhat": 1.01,
        "ess_bulk": 353.0,
        "ess_tail": 458.0,
        "mcse_mean": 0.008
      }
    }
  },
  "covariance_analysis": {
    "covariance_matrix": [
      [
        0.003016498602775609,
        0.001762916106253591,
        -0.006692183672985103,
        0.00035176353292244305,
        -4.839947307959896e-05,
        -6.149732353541311e-05,
        7.15546329090004e-05,
        3.834216370601166e-05,
        0.00035176353292244326,
        0.00035176353292244305
      ],
      [
        0.001762916106253591,
        0.002751920413787379,
        -0.005862398607820526,
        0.00016799996672699422,
        -0.00015567116410932817,
        0.0004351392313061763,
        -0.0003656455648785892,
        8.617749768174134e-05,
        0.00016799996672699498,
        0.00016799996672699422
      ],
      [
        -0.006692183672985103,
        -0.005862398607820526,
        0.0226291541365725,
        -0.0009701625098937702,
        -0.0006998800176085751,
        -0.0004004664896226233,
        0.0005780028360561307,
        0.0005223436711750675,
        -0.0009701625098937711,
        -0.0009701625098937702
      ],
      [
        0.00035176353292244305,
        0.00016799996672699422,
        -0.0009701625098937702,
        0.02320782444299345,
        6.092878987537273e-06,
        -2.747340085487494e-05,
        2.602173327293273e-05,
        -4.6412114055954365e-06,
        0.023207824442993456,
        0.02320782444299345
      ],
      [
        -4.839947307959896e-05,
        -0.00015567116410932817,
        -0.0006998800176085751,
        6.092878987537273e-06,
        0.00019159548172753706,
        -3.563529911781771e-05,
        -2.1796677247033566e-05,
        -0.00013416350536268583,
        6.092878987537405e-06,
        6.092878987537273e-06
      ],
      [
        -6.149732353541311e-05,
        0.0004351392313061763,
        -0.0004004664896226233,
        -2.747340085487494e-05,
        -3.563529911781771e-05,
        0.00014063006944896542,
        -0.00012180721387428063,
        1.681244354313291e-05,
        -2.747340085487476e-05,
        -2.747340085487494e-05
      ],
      [
        7.15546329090004e-05,
        -0.0003656455648785892,
        0.0005780028360561307,
        2.602173327293273e-05,
        -2.1796677247033566e-05,
        -0.00012180721387428063,
        0.0001209075019625006,
        2.269638915881363e-05,
        2.602173327293253e-05,
        2.602173327293273e-05
      ],
      [
        3.834216370601166e-05,
        8.617749768174134e-05,
        0.0005223436711750675,
        -4.6412114055954365e-06,
        -0.00013416350536268583,
        1.681244354313291e-05,
        2.269638915881363e-05,
        9.465467266073933e-05,
        -4.641211405595506e-06,
        -4.6412114055954365e-06
      ],
      [
        0.00035176353292244326,
        0.00016799996672699498,
        -0.0009701625098937711,
        0.023207824442993456,
        6.092878987537405e-06,
        -2.747340085487476e-05,
        2.602173327293253e-05,
        -4.641211405595506e-06,
        0.023207824442993453,
        0.023207824442993456
      ],
      [
        0.00035176353292244305,
        0.00016799996672699422,
        -0.0009701625098937702,
        0.02320782444299345,
        6.092878987537273e-06,
        -2.747340085487494e-05,
        2.602173327293273e-05,
        -4.6412114055954365e-06,
        0.023207824442993456,
        0.023207824442993453
      ]
    ],
    "correlation_matrix": [
      [
        1.0,
        0.6118742071433865,
        -0.8099946073397211,
        0.0420418709636052,
        -0.06366436881310741,
        -0.09442033894714291,
        0.11848396238123106,
        0.071755306510789,
        0.042041870963605225,
        0.0420418709636052
      ],
      [
        0.6118742071433866,
        1.0,
        -0.7428878394168578,
        0.021022000666040923,
        -0.21438658509436556,
        0.69947340988469,
        -0.6338927006652743,
        0.16885149707162814,
        0.021022000666041016,
        0.021022000666040923
      ],
      [
        -0.8099946073397211,
        -0.7428878394168578,
        1.0,
        -0.042334371106015185,
        -0.3361218940910373,
        -0.2244878936276522,
        0.34943723869531224,
        0.3569037801419612,
        -0.04233437110601523,
        -0.042334371106015185
      ],
      [
        0.0420418709636052,
        0.021022000666040923,
        -0.042334371106015185,
        1.0,
        0.0028894335134014948,
        -0.015207440009948262,
        0.01553432480356968,
        -0.0031314328745408195,
        1.0,
        1.0
      ],
      [
        -0.06366436881310741,
        -0.21438658509436556,
        -0.3361218940910374,
        0.0028894335134014943,
        1.0,
        -0.2170944302314812,
        -0.14320923923389928,
        -0.9962555097118325,
        0.0028894335134015572,
        0.0028894335134014943
      ],
      [
        -0.09442033894714291,
        0.69947340988469,
        -0.22448789362765217,
        -0.01520744000994826,
        -0.21709443023148123,
        1.0,
        -0.934129935246499,
        0.1457205206871572,
        -0.015207440009948161,
        -0.01520744000994826
      ],
      [
        0.11848396238123106,
        -0.6338927006652743,
        0.34943723869531224,
        0.015534324803569682,
        -0.14320923923389928,
        -0.934129935246499,
        1.0,
        0.21215785517541896,
        0.015534324803569562,
        0.015534324803569682
      ],
      [
        0.071755306510789,
        0.16885149707162814,
        0.3569037801419612,
        -0.0031314328745408195,
        -0.9962555097118324,
        0.1457205206871572,
        0.21215785517541894,
        1.0,
        -0.0031314328745408663,
        -0.0031314328745408195
      ],
      [
        0.04204187096360522,
        0.02102200066604102,
        -0.04233437110601523,
        1.0,
        0.0028894335134015572,
        -0.015207440009948163,
        0.015534324803569562,
        -0.0031314328745408663,
        1.0,
        1.0
      ],
      [
        0.0420418709636052,
        0.021022000666040923,
        -0.042334371106015185,
        1.0,
        0.0028894335134014948,
        -0.015207440009948262,
        0.01553432480356968,
        -0.0031314328745408195,
        1.0,
        1.0
      ]
    ],
    "standard_deviations": [
      0.0548951919950448,
      0.05243251370450963,
      0.15035466398630912,
      0.15226495531983214,
      0.013834879336149243,
      0.011852824109870048,
      0.010990295467390217,
      0.009724197549827882,
      0.15226495531983217,
      0.15226495531983214
    ],
    "parameter_names": [
      "db1",
      "db2",
      "sp",
      "base_v",
      "choice_probs[0]",
      "choice_probs[1]",
      "choice_probs[2]",
      "choice_probs[3]",
      "rt_alpha",
      "rt_beta"
    ],
    "matrix_shape": [
      10,
      10
    ],
    "n_samples": 1000
  }
}