{
  "metadata": {
    "analysis_type": "GRT-LBA",
    "extraction_timestamp": "2025-06-15T07:13:51.309571",
    "subject_id": 36
  },
  "parameter_estimates": {
    "subject_id": 36,
    "parameters": {
      "db1": {
        "mean": 0.7314667499098744,
        "std": 0.048768932565541004,
        "median": 0.7419093649716347,
        "q025": 0.6237557024622473,
        "q975": 0.7977501985668652,
        "shape": [
          2,
          500
        ]
      },
      "db2": {
        "mean": 0.6579407100677513,
        "std": 0.04037121035693269,
        "median": 0.6573800240047301,
        "q025": 0.5855716879953244,
        "q975": 0.7369136925455729,
        "shape": [
          2,
          500
        ]
      },
      "sp": {
        "mean": 0.2875110717482216,
        "std": 0.06513152117610721,
        "median": 0.2967664316214498,
        "q025": 0.1503878799758991,
        "q975": 0.39517857728427974,
        "shape": [
          2,
          500
        ]
      },
      "base_v": {
        "mean": 2.4171140760360603,
        "std": 0.11743199071009178,
        "median": 2.4202465249780465,
        "q025": 2.1875140699592523,
        "q975": 2.6566515714697165,
        "shape": [
          2,
          500
        ]
      },
      "choice_probs": {
        "mean": 0.25,
        "std": 0.12048102852961289,
        "median": 0.2234776722305742,
        "q025": 0.10343894949278067,
        "q975": 0.45800844367072846,
        "shape": [
          2,
          500,
          4
        ],
        "elements": [
          {
            "index": 0,
            "mean": 0.11268695008214712,
            "std": 0.007505814107596924,
            "median": 0.1127980392299574,
            "q025": 0.09793855974306037,
            "q975": 0.12826402187544825
          },
          {
            "index": 1,
            "mean": 0.19529566134023404,
            "std": 0.01058798854161961,
            "median": 0.19563738535523506,
            "q025": 0.1746716914035576,
            "q975": 0.21740931715197395
          },
          {
            "index": 2,
            "mean": 0.2531822327930416,
            "std": 0.012470235067377546,
            "median": 0.2531382609532533,
            "q025": 0.22800796550069674,
            "q975": 0.27803927141088697
          },
          {
            "index": 3,
            "mean": 0.43883515578457727,
            "std": 0.014915844633236449,
            "median": 0.43862481972379663,
            "q025": 0.4098655719844925,
            "q975": 0.4697936349814888
          }
        ]
      },
      "rt_alpha": {
        "mean": 3.4171140760360603,
        "std": 0.11743199071009178,
        "median": 3.4202465249780465,
        "q025": 3.1875140699592523,
        "q975": 3.6566515714697165,
        "shape": [
          2,
          500
        ]
      },
      "rt_beta": {
        "mean": 2.4171140760360603,
        "std": 0.11743199071009178,
        "median": 2.4202465249780465,
        "q025": 2.1875140699592523,
        "q975": 2.6566515714697165,
        "shape": [
          2,
          500
        ]
      }
    },
    "statistics": {},
    "diagnostics": {
      "db1": {
        "rhat": 1.01,
        "ess_bulk": 49.0,
        "ess_tail": 31.0,
        "mcse_mean": 0.007
      },
      "db2": {
        "rhat": 1.01,
        "ess_bulk": 56.0,
        "ess_tail": 33.0,
        "mcse_mean": 0.005
      },
      "sp": {
        "rhat": 1.01,
        "ess_bulk": 49.0,
        "ess_tail": 25.0,
        "mcse_mean": 0.01
      },
      "base_v": {
        "rhat": 1.0,
        "ess_bulk": 185.0,
        "ess_tail": 434.0,
        "mcse_mean": 0.009
      },
      "choice_probs[0]": {
        "rhat": 1.0,
        "ess_bulk": 762.0,
        "ess_tail": 593.0,
        "mcse_mean": 0.0
      },
      "choice_probs[1]": {
        "rhat": 1.0,
        "ess_bulk": 633.0,
        "ess_tail": 493.0,
        "mcse_mean": 0.0
      },
      "choice_probs[2]": {
        "rhat": 1.0,
        "ess_bulk": 652.0,
        "ess_tail": 438.0,
        "mcse_mean": 0.0
      },
      "choice_probs[3]": {
        "rhat": 1.0,
        "ess_bulk": 788.0,
        "ess_tail": 530.0,
        "mcse_mean": 0.001
      },
      "rt_alpha": {
        "rhat": 1.0,
        "ess_bulk": 185.0,
        "ess_tail": 434.0,
        "mcse_mean": 0.009
      },
      "rt_beta": {
        "rhat": 1.0,
        "ess_bulk": 185.0,
        "ess_tail": 434.0,
        "mcse_mean": 0.009
      }
    }
  },
  "covariance_analysis": {
    "covariance_matrix": [
      [
        0.0023807895731554414,
        0.001541347269363016,
        0.002914869889281387,
        -0.000242443432298184,
        6.786854527289759e-06,
        -4.21631771665306e-05,
        5.756562891559157e-05,
        -2.218930627635074e-05,
        -0.00024244343229818435,
        -0.000242443432298184
      ],
      [
        0.001541347269363016,
        0.0016314660917754853,
        0.002248846575123485,
        -0.00030218793280023103,
        -2.4318711805837976e-05,
        0.00020200144439970873,
        -0.0002641518834020094,
        8.646915080813858e-05,
        -0.0003021879328002315,
        -0.00030218793280023103
      ],
      [
        0.002914869889281387,
        0.002248846575123485,
        0.004246361412125826,
        -0.0004256378888544124,
        0.00014928022730809304,
        0.00018496959893595646,
        -6.121534426595713e-05,
        -0.0002730344819780924,
        -0.00042563788885441274,
        -0.0004256378888544124
      ],
      [
        -0.000242443432298184,
        -0.00030218793280023103,
        -0.0004256378888544124,
        0.013804076518653738,
        -8.654412021616295e-06,
        -4.825366641273501e-05,
        4.507875920899485e-05,
        1.1829319225356569e-05,
        0.013804076518653736,
        0.013804076518653738
      ],
      [
        6.786854527289759e-06,
        -2.4318711805837976e-05,
        0.00014928022730809304,
        -8.654412021616295e-06,
        5.639363905685788e-05,
        2.6095895113565304e-05,
        2.8564808469290693e-05,
        -0.00011105434263971388,
        -8.654412021616277e-06,
        -8.654412021616295e-06
      ],
      [
        -4.21631771665306e-05,
        0.00020200144439970873,
        0.00018496959893595646,
        -4.825366641273501e-05,
        2.6095895113565304e-05,
        0.00011221771907654469,
        -0.00010544503205536515,
        -3.2868582134744825e-05,
        -4.8253666412734986e-05,
        -4.825366641273501e-05
      ],
      [
        5.756562891559157e-05,
        -0.0002641518834020094,
        -6.121534426595713e-05,
        4.507875920899485e-05,
        2.8564808469290693e-05,
        -0.00010544503205536515,
        0.00015566242506071342,
        -7.878220147463894e-05,
        4.507875920899486e-05,
        4.507875920899485e-05
      ],
      [
        -2.218930627635074e-05,
        8.646915080813858e-05,
        -0.0002730344819780924,
        1.1829319225356569e-05,
        -0.00011105434263971388,
        -3.2868582134744825e-05,
        -7.878220147463894e-05,
        0.00022270512624909765,
        1.1829319225356543e-05,
        1.1829319225356569e-05
      ],
      [
        -0.00024244343229818435,
        -0.0003021879328002315,
        -0.00042563788885441274,
        0.013804076518653736,
        -8.654412021616277e-06,
        -4.8253666412734986e-05,
        4.507875920899486e-05,
        1.1829319225356543e-05,
        0.013804076518653735,
        0.013804076518653736
      ],
      [
        -0.000242443432298184,
        -0.00030218793280023103,
        -0.0004256378888544124,
        0.013804076518653738,
        -8.654412021616295e-06,
        -4.825366641273501e-05,
        4.507875920899485e-05,
        1.1829319225356569e-05,
        0.013804076518653736,
        0.013804076518653736
      ]
    ],
    "correlation_matrix": [
      [
        1.0,
        0.7820796139271848,
        0.9167484634709405,
        -0.042290832932606694,
        0.0185222172723836,
        -0.08157218675273749,
        0.09456073774605324,
        -0.030473203500611487,
        -0.04229083293260676,
        -0.0422908329326067
      ],
      [
        0.7820796139271847,
        0.9999999999999998,
        0.8544021331228041,
        -0.06367726662192408,
        -0.08017454057294249,
        0.4721007935047996,
        -0.524170758442613,
        0.14345214980593632,
        -0.06367726662192419,
        -0.06367726662192408
      ],
      [
        0.9167484634709405,
        0.8544021331228041,
        1.0,
        -0.055594025778059525,
        0.3050554232261324,
        0.26795456423585146,
        -0.07529392254177579,
        -0.28076561165574315,
        -0.05559402577805959,
        -0.05559402577805953
      ],
      [
        -0.042290832932606694,
        -0.06367726662192406,
        -0.05559402577805953,
        0.9999999999999999,
        -0.009808866600124673,
        -0.03877001062245954,
        0.03075221331997795,
        0.0067466932693389155,
        1.0,
        1.0
      ],
      [
        0.0185222172723836,
        -0.08017454057294249,
        0.3050554232261324,
        -0.009808866600124673,
        1.0,
        0.32803971013501926,
        0.3048767879361047,
        -0.9909582980582295,
        -0.009808866600124656,
        -0.009808866600124675
      ],
      [
        -0.08157218675273749,
        0.4721007935047996,
        0.2679545642358515,
        -0.03877001062245954,
        0.32803971013501926,
        0.9999999999999999,
        -0.7978174088528119,
        -0.20791467548891396,
        -0.038770010622459536,
        -0.03877001062245955
      ],
      [
        0.09456073774605324,
        -0.524170758442613,
        -0.07529392254177579,
        0.030752213319977947,
        0.3048767879361046,
        -0.7978174088528119,
        1.0,
        -0.42312736122537264,
        0.03075221331997796,
        0.03075221331997795
      ],
      [
        -0.030473203500611487,
        0.14345214980593632,
        -0.28076561165574315,
        0.0067466932693389155,
        -0.9909582980582295,
        -0.20791467548891396,
        -0.42312736122537264,
        0.9999999999999999,
        0.0067466932693389025,
        0.006746693269338916
      ],
      [
        -0.04229083293260676,
        -0.06367726662192419,
        -0.05559402577805958,
        1.0,
        -0.009808866600124656,
        -0.038770010622459536,
        0.030752213319977958,
        0.0067466932693389025,
        1.0,
        1.0
      ],
      [
        -0.0422908329326067,
        -0.06367726662192408,
        -0.05559402577805954,
        1.0,
        -0.009808866600124675,
        -0.03877001062245955,
        0.03075221331997795,
        0.006746693269338916,
        1.0,
        1.0
      ]
    ],
    "standard_deviations": [
      0.04876893256554102,
      0.04037121035693269,
      0.06513152117610724,
      0.11743199071009172,
      0.007505814107596924,
      0.010587988541619605,
      0.01247023506737754,
      0.014915844633236447,
      0.11743199071009178,
      0.11743199071009172
    ],
    "parameter_names": [
      "db1",
      "db2",
      "sp",
      "base_v",
      "choice_probs[0]",
      "choice_probs[1]",
      "choice_probs[2]",
      "choice_probs[3]",
      "rt_alpha",
      "rt_beta"
    ],
    "matrix_shape": [
      10,
      10
    ],
    "n_samples": 1000
  }
}